
      	X(nS)     	Ch1(mV)      	Ch2(mV)      	Ch3(mV)      	Ch4(mV)      


 1    	0.0000    	-82.158752  	-5.063232   	-21.239624  	112.937500  
 2    	0.0587    	-82.086906  	-4.611755   	-20.697632  	85.562500   
 3    	0.1173    	-82.230652  	-5.127747   	-21.036377  	44.187500   
 4    	0.1760    	-82.949402  	-5.514771   	-21.713867  	413.812500  
 5    	0.2346    	-83.380608  	-6.288757   	-21.171875  	515.562500  
 6    	0.2933    	-82.805656  	-5.837219   	-21.510620  	265.187500  
 7    	0.3519    	-82.805656  	-5.321228   	-20.697632  	136.687500  
 8    	0.4106    	-82.877502  	-5.256775   	-20.494385  	391.437500  
 9    	0.4692    	-82.661858  	-5.708252   	-20.968628  	579.812500  
 10   	0.5279    	-82.805656  	-5.514771   	-20.562134  	362.187500  
 11   	0.5865    	-82.015007  	-5.708252   	-20.765381  	132.562500  
 12   	0.6452    	-82.230652  	-5.901733   	-21.375122  	322.437500  
 13   	0.7038    	-82.015007  	-5.708252   	-20.833130  	567.812500  
 14   	0.7625    	-81.583733  	-5.192261   	-20.629883  	436.937500  
 15   	0.8211    	-82.015007  	-4.805237   	-20.291138  	151.937500  
 16   	0.8798    	-81.727531  	-5.256775   	-21.239624  	259.312500  
 17   	0.9384    	-81.655632  	-5.579224   	-20.494385  	541.187500  
 18   	0.9971    	-81.727531  	-6.288757   	-20.833130  	508.062500  
 19   	1.0557    	-82.949402  	-5.837219   	-20.833130  	194.687500  
 20   	1.1144    	-82.805656  	-6.224243   	-20.968628  	201.937500  
 21   	1.1730    	-83.380608  	-6.095276   	-21.171875  	488.937500  
 22   	1.2317    	-83.452507  	-5.772766   	-21.239624  	551.312500  
 23   	1.2903    	-83.596245  	-5.643738   	-21.510620  	269.187500  
 24   	1.3490    	-83.236877  	-5.708252   	-21.442871  	163.687500  
 25   	1.4076    	-82.374382  	-5.321228   	-21.375122  	442.687500  
 26   	1.4663    	-82.302483  	-5.385742   	-20.765381  	572.437500  
 27   	1.5249    	-82.805656  	-5.772766   	-21.104126  	328.812500  
 28   	1.5836    	-83.955620  	-5.901733   	-21.713867  	143.937500  
 29   	1.6422    	-83.308769  	-5.708252   	-21.442871  	365.062500  
 30   	1.7009    	-83.021233  	-6.095276   	-21.307373  	585.937500  
 31   	1.7595    	-83.596245  	-5.579224   	-20.494385  	406.562500  
 32   	1.8182    	-83.668144  	-5.643738   	-20.765381  	155.062500  
 33   	1.8768    	-82.949402  	-5.450256   	-20.358887  	282.062500  
 34   	1.9355    	-83.165031  	-4.998779   	-20.223389  	568.062500  
 35   	1.9941    	-83.308769  	-5.256775   	-19.681396  	476.562500  
 36   	2.0528    	-83.739983  	-5.256775   	-20.155640  	185.562500  
 37   	2.1114    	-82.877502  	-5.127747   	-20.291138  	214.437500  
 38   	2.1701    	-81.871277  	-5.063232   	-19.749146  	521.937500  
 39   	2.2287    	-82.877502  	-4.869751   	-20.494385  	540.812500  
 40   	2.2874    	-83.524406  	-4.740723   	-21.307373  	206.187500  
 41   	2.3460    	-83.596245  	-6.159729   	-21.036377  	262.312500  
 42   	2.4047    	-83.093132  	-6.353271   	-20.426636  	486.437500  
 43   	2.4633    	-82.805656  	-6.417725   	-20.629883  	528.312500  
 44   	2.5220    	-82.733757  	-6.030762   	-20.900879  	238.437500  
 45   	2.5806    	-82.733757  	-6.482239   	-20.562134  	201.937500  
 46   	2.6393    	-83.308769  	-5.837219   	-20.697632  	447.812500  
 47   	2.6979    	-82.949402  	-6.030762   	-20.900879  	551.187500  
 48   	2.7566    	-83.380608  	-5.708252   	-20.155640  	318.562500  
 49   	2.8152    	-82.805656  	-5.579224   	-21.036377  	159.812500  
 50   	2.8739    	-82.949402  	-5.901733   	-21.713867  	382.062500  
 51   	2.9326    	-84.171257  	-5.579224   	-21.036377  	556.437500  
 52   	2.9912    	-83.668144  	-5.256775   	-21.239624  	383.812500  
 53   	3.0499    	-84.818115  	-5.579224   	-20.900879  	166.562500  
 54   	3.1085    	-83.380608  	-5.256775   	-21.442871  	314.437500  
 55   	3.1672    	-84.027519  	-5.643738   	-21.375122  	548.937500  
 56   	3.2258    	-84.890015  	-5.579224   	-20.833130  	445.812500  
 57   	3.2845    	-84.530640  	-5.385742   	-21.239624  	196.937500  
 58   	3.3431    	-85.177490  	-6.095276   	-21.646118  	245.687500  
 59   	3.4018    	-84.243164  	-5.450256   	-20.968628  	527.187500  
 60   	3.4604    	-84.890015  	-5.321228   	-21.239624  	497.562500  
 61   	3.5191    	-84.099358  	-5.966248   	-21.307373  	232.437500  
 62   	3.5777    	-84.602539  	-5.708252   	-21.984863  	200.687500  
 63   	3.6364    	-84.961914  	-5.966248   	-20.900879  	458.562500  
 64   	3.6950    	-84.674370  	-6.546753   	-20.629883  	543.062500  
 65   	3.7537    	-84.386894  	-6.417725   	-20.765381  	293.062500  
 66   	3.8123    	-84.386894  	-5.385742   	-20.629883  	171.187500  
 67   	3.8710    	-84.027519  	-5.579224   	-20.833130  	395.062500  
 68   	3.9296    	-82.590027  	-5.192261   	-21.442871  	557.187500  
 69   	3.9883    	-82.949402  	-5.321228   	-21.578369  	337.812500  
 70   	4.0469    	-83.093132  	-5.385742   	-21.307373  	-62.687500  
 71   	4.1056    	-83.165031  	-5.514771   	-20.900879  	27.687500   
 72   	4.1642    	-83.308769  	-5.837219   	-20.494385  	360.312500  
 73   	4.2229    	-82.374382  	-5.772766   	-20.494385  	480.812500  
 74   	4.2815    	-82.590027  	-5.708252   	-20.900879  	257.562500  
 75   	4.3402    	-83.524406  	-6.095276   	-21.036377  	151.062500  
 76   	4.3988    	-84.099358  	-5.901733   	-20.629883  	379.562500  
 77   	4.4575    	-82.302483  	-6.159729   	-20.629883  	559.437500  
 78   	4.5161    	-83.308769  	-6.611267   	-20.562134  	372.312500  
 79   	4.5748    	-83.308769  	-6.804749   	-21.104126  	156.062500  
 80   	4.6334    	-83.165031  	-6.675720   	-20.629883  	328.937500  
 81   	4.6921    	-83.236877  	-6.353271   	-20.765381  	557.437500  
 82   	4.7507    	-83.093132  	-5.966248   	-20.494385  	419.937500  
 83   	4.8094    	-83.236877  	-5.901733   	-21.510620  	188.812500  
 84   	4.8680    	-83.811882  	-5.966248   	-20.968628  	277.937500  
 85   	4.9267    	-83.165031  	-5.837219   	-21.104126  	524.937500  
 86   	4.9853    	-82.733757  	-5.837219   	-21.239624  	494.062500  
 87   	5.0440    	-83.236877  	-6.353271   	-21.713867  	220.687500  
 88   	5.1026    	-82.518127  	-6.869263   	-21.917114  	218.937500  
 89   	5.1613    	-82.590027  	-6.482239   	-21.375122  	491.812500  
 90   	5.2199    	-82.015007  	-6.546753   	-21.036377  	537.062500  
 91   	5.2786    	-82.230652  	-5.901733   	-20.968628  	271.937500  
 92   	5.3372    	-82.158752  	-6.095276   	-20.765381  	194.187500  
 93   	5.3959    	-81.871277  	-6.482239   	-20.562134  	441.812500  
 94   	5.4545    	-82.230652  	-6.224243   	-20.358887  	553.312500  
 95   	5.5132    	-82.230652  	-5.966248   	-20.358887  	330.937500  
 96   	5.5718    	-82.590027  	-5.579224   	-20.765381  	153.187500  
 97   	5.6305    	-82.805656  	-5.256775   	-21.442871  	357.687500  
 98   	5.6891    	-82.805656  	-6.224243   	-21.036377  	562.812500  
 99   	5.7478    	-82.733757  	-6.611267   	-22.052612  	409.437500  
 100  	5.8065    	-82.877502  	-6.159729   	-21.104126  	176.562500  
 101  	5.8651    	-83.021233  	-6.288757   	-21.781616  	297.062500  
 102  	5.9238    	-83.596245  	-6.417725   	-21.171875  	541.062500  
 103  	5.9824    	-83.739983  	-6.869263   	-20.833130  	462.562500  
 104  	6.0411    	-83.308769  	-6.675720   	-21.239624  	199.812500  
 105  	6.0997    	-83.596245  	-6.675720   	-21.104126  	239.937500  
 106  	6.1584    	-84.602539  	-6.288757   	-21.375122  	503.812500  
 107  	6.2170    	-83.668144  	-6.095276   	-21.239624  	520.937500  
 108  	6.2757    	-83.596245  	-5.643738   	-20.765381  	261.812500  
 109  	6.3343    	-83.093132  	-6.030762   	-21.104126  	200.562500  
 110  	6.3930    	-82.518127  	-6.353271   	-21.510620  	443.687500  
 111  	6.4516    	-82.805656  	-6.288757   	-21.171875  	552.312500  
 112  	6.5103    	-83.093132  	-6.417725   	-21.442871  	297.812500  
 113  	6.5689    	-82.302483  	-5.966248   	-21.781616  	163.812500  
 114  	6.6276    	-82.661858  	-5.063232   	-20.833130  	382.312500  
 115  	6.6862    	-83.380608  	-5.385742   	-21.375122  	566.937500  
 116  	6.7449    	-83.452507  	-5.966248   	-21.578369  	380.562500  
 117  	6.8035    	-82.518127  	-6.417725   	-21.849365  	167.562500  
 118  	6.8622    	-81.871277  	-5.901733   	-21.510620  	321.187500  
 119  	6.9208    	-82.374382  	-6.030762   	-21.578369  	560.187500  
 120  	6.9795    	-82.733757  	-6.482239   	-21.375122  	442.062500  
 121  	7.0381    	-82.877502  	-6.095276   	-20.223389  	185.062500  
 122  	7.0968    	-83.093132  	-5.708252   	-20.291138  	265.937500  
 123  	7.1554    	-82.590027  	-6.030762   	-20.291138  	522.562500  
 124  	7.2141    	-81.799370  	-6.030762   	-19.884644  	503.187500  
 125  	7.2727    	-81.871277  	-6.224243   	-20.426636  	231.562500  
 126  	7.3314    	-82.086906  	-6.417725   	-20.223389  	202.687500  
 127  	7.3900    	-82.158752  	-6.546753   	-20.562134  	486.437500  
 128  	7.4487    	-82.230652  	-6.417725   	-20.765381  	533.687500  
 129  	7.5073    	-81.943108  	-5.579224   	-20.697632  	282.812500  
 130  	7.5660    	-81.439995  	-5.966248   	-20.765381  	167.937500  
 131  	7.6246    	-80.433769  	-5.837219   	-20.562134  	426.562500  
 132  	7.6833    	-79.140007  	-4.934265   	-20.968628  	553.062500  
 133  	7.7419    	-77.486877  	-4.805237   	-20.900879  	341.187500  
 134  	7.8006    	-76.336906  	-4.805237   	-20.968628  	164.937500  
 135  	7.8592    	-73.821281  	-4.869751   	-20.900879  	341.312500  
 136  	7.9179    	-72.743156  	-5.579224   	-21.307373  	562.812500  
 137  	7.9765    	-71.521240  	-6.030762   	-20.968628  	393.562500  
 138  	8.0352    	-71.377495  	-5.514771   	-20.900879  	-48.687500  
 139  	8.0938    	-70.946289  	-5.643738   	-20.900879  	-2.562500   
 140  	8.1525    	-63.758785  	-5.643738   	-21.104126  	286.312500  
 141  	8.2111    	-34.074402  	-5.966248   	-20.562134  	543.812500  
 142  	8.2698    	-12.727539  	-6.159729   	-19.952393  	319.687500  
 143  	8.3284    	3.300659    	-6.224243   	-19.884644  	147.062500  
 144  	8.3871    	15.375609   	-5.772766   	-19.478149  	323.937500  
 145  	8.4457    	23.785032   	-6.159729   	-19.681396  	557.062500  
 146  	8.5044    	30.756834   	-6.417725   	-20.223389  	426.562500  
 147  	8.5630    	36.291256   	-6.933777   	-21.307373  	191.062500  
 148  	8.6217    	39.094357   	-6.159729   	-20.358887  	143.312500  
 149  	8.6804    	41.466183   	-6.869263   	-21.036377  	450.562500  
 150  	8.7390    	44.197506   	-6.095276   	-21.307373  	584.687500  
 151  	8.7977    	46.497433   	-6.675720   	-20.833130  	296.437500  
 152  	8.8563    	48.222530   	-6.546753   	-21.442871  	116.062500  
 153  	8.9150    	49.947506   	-6.030762   	-22.120361  	375.937500  
 154  	8.9736    	50.234982   	-5.901733   	-22.052612  	612.812500  
 155  	9.0323    	51.241207   	-6.288757   	-21.578369  	385.312500  
 156  	9.0909    	52.966183   	-6.611267   	-20.968628  	116.312500  
 157  	9.1496    	53.325558   	-6.998230   	-21.036377  	302.687500  
 158  	9.2082    	53.325558   	-6.998230   	-20.833130  	600.187500  
 159  	9.2669    	53.900635   	-6.546753   	-20.900879  	471.062500  
 160  	9.3255    	53.828732   	-6.482239   	-20.426636  	152.187500  
 161  	9.3842    	53.828732   	-5.708252   	-20.629883  	249.062500  
 162  	9.4428    	56.416256   	-6.482239   	-20.426636  	572.062500  
 163  	9.5015    	57.278683   	-6.095276   	-20.291138  	541.062500  
 164  	9.5601    	57.278683   	-5.708252   	-20.020142  	186.687500  
 165  	9.6188    	56.919308   	-5.643738   	-20.223389  	167.562500  
 166  	9.6774    	57.925655   	-5.450256   	-20.087891  	496.062500  
 167  	9.7361    	57.925655   	-5.385742   	-20.697632  	585.812500  
 168  	9.7947    	57.925655   	-5.063232   	-20.223389  	276.062500  
 169  	9.8534    	58.069332   	-5.192261   	-19.952393  	129.562500  
 170  	9.9120    	58.213131   	-5.450256   	-20.358887  	419.437500  
 171  	9.9707    	58.716183   	-5.127747   	-21.239624  	605.312500  
 172  	10.0293   	58.141232   	-5.256775   	-20.697632  	351.312500  
 173  	10.0880   	57.853756   	-5.450256   	-21.239624  	114.937500  
 174  	10.1466   	57.925655   	-5.643738   	-21.307373  	340.312500  
 175  	10.2053   	58.428707   	-5.772766   	-20.426636  	614.937500  
 176  	10.2639   	59.003784   	-5.772766   	-20.426636  	441.437500  
 177  	10.3226   	58.356808   	-5.772766   	-21.307373  	140.437500  
 178  	10.3812   	57.638058   	-5.450256   	-21.510620  	264.812500  
 179  	10.4399   	57.997433   	-5.450256   	-21.646118  	581.437500  
 180  	10.4985   	57.853756   	-5.579224   	-21.781616  	509.562500  
 181  	10.5572   	58.213131   	-6.417725   	-20.562134  	167.312500  
 182  	10.6158   	59.075558   	-6.353271   	-21.104126  	188.187500  
 183  	10.6745   	58.788082   	-6.546753   	-21.375122  	526.187500  
 184  	10.7331   	58.141232   	-5.837219   	-21.036377  	564.937500  
 185  	10.7918   	58.285034   	-6.417725   	-21.171875  	231.937500  
 186  	10.8504   	58.069332   	-6.482239   	-21.239624  	145.312500  
 187  	10.9091   	59.075558   	-6.159729   	-21.578369  	462.687500  
 188  	10.9677   	58.572506   	-6.224243   	-21.171875  	612.312500  
 189  	11.0264   	58.716183   	-6.095276   	-21.307373  	321.312500  
 190  	11.0850   	59.291260   	-5.321228   	-20.358887  	128.062500  
 191  	11.1437   	59.506836   	-5.321228   	-21.104126  	371.312500  
 192  	11.2023   	58.572506   	-5.385742   	-21.036377  	616.562500  
 193  	11.2610   	57.925655   	-5.579224   	-20.494385  	402.812500  
 194  	11.3196   	58.356808   	-4.934265   	-20.765381  	112.187500  
 195  	11.3783   	58.572506   	-5.127747   	-21.104126  	282.937500  
 196  	11.4370   	58.931885   	-5.643738   	-21.239624  	590.687500  
 197  	11.4956   	58.931885   	-5.966248   	-21.375122  	468.437500  
 198  	11.5543   	59.938110   	-6.030762   	-21.781616  	148.562500  
 199  	11.6129   	60.584953   	-5.966248   	-21.104126  	213.812500  
 200  	11.6716   	60.369377   	-5.063232   	-21.442871  	545.812500  
 201  	11.7302   	60.081902   	-5.772766   	-21.781616  	535.687500  
 202  	11.7889   	60.225586   	-6.030762   	-22.188110  	194.062500  
 203  	11.8475   	60.369377   	-5.966248   	-21.781616  	149.437500  
 204  	11.9062   	60.513062   	-5.901733   	-21.171875  	483.812500  
 205  	11.9648   	60.225586   	-6.159729   	-20.765381  	592.937500  
 206  	12.0235   	59.434933   	-6.804749   	-20.494385  	-0.812500   
 207  	12.0821   	60.800655   	-6.288757   	-21.239624  	-14.187500  
 208  	12.1408   	60.297478   	-5.837219   	-21.984863  	124.687500  
 209  	12.1994   	59.722527   	-6.675720   	-21.984863  	465.812500  
 210  	12.2581   	60.513062   	-5.514771   	-21.239624  	511.062500  
 211  	12.3167   	60.225586   	-5.321228   	-21.307373  	200.187500  
 212  	12.3754   	59.434933   	-4.869751   	-21.510620  	148.062500  
 213  	12.4340   	61.231804   	-5.579224   	-20.968628  	474.562500  
 214  	12.4927   	60.800655   	-5.772766   	-21.104126  	596.937500  
 215  	12.5513   	60.081902   	-5.966248   	-20.629883  	292.812500  
 216  	12.6100   	60.656853   	-5.772766   	-21.036377  	113.312500  
 217  	12.6686   	59.866211   	-5.837219   	-21.171875  	387.812500  
 218  	12.7273   	59.722527   	-6.030762   	-21.171875  	607.187500  
 219  	12.7859   	58.428707   	-5.772766   	-21.307373  	367.312500  
 220  	12.8446   	59.219360   	-6.095276   	-21.375122  	114.437500  
 221  	12.9032   	58.428707   	-6.482239   	-20.494385  	307.937500  
 222  	12.9619   	58.285034   	-5.643738   	-21.171875  	597.687500  
 223  	13.0205   	58.788082   	-5.450256   	-21.578369  	455.937500  
 224  	13.0792   	59.866211   	-5.579224   	-21.171875  	139.812500  
 225  	13.1378   	60.656853   	-5.643738   	-20.087891  	226.562500  
 226  	13.1965   	61.160030   	-4.740723   	-20.155640  	563.437500  
 227  	13.2551   	60.441280   	-5.256775   	-20.765381  	534.062500  
 228  	13.3138   	59.578735   	-5.385742   	-21.171875  	194.937500  
 229  	13.3724   	59.578735   	-5.966248   	-20.900879  	186.812500  
 230  	13.4311   	59.794312   	-5.837219   	-21.036377  	507.937500  
 231  	13.4897   	60.081902   	-5.127747   	-20.494385  	576.437500  
 232  	13.5484   	60.369377   	-4.353760   	-21.104126  	249.312500  
 233  	13.6070   	60.153687   	-5.450256   	-21.917114  	120.687500  
 234  	13.6657   	59.722527   	-6.159729   	-21.510620  	422.187500  
 235  	13.7243   	59.794312   	-5.966248   	-22.120361  	604.062500  
 236  	13.7830   	60.010002   	-5.966248   	-21.849365  	336.937500  
 237  	13.8416   	59.291260   	-6.095276   	-21.646118  	114.187500  
 238  	13.9003   	59.363159   	-5.063232   	-21.781616  	347.812500  
 239  	13.9589   	59.003784   	-5.643738   	-21.171875  	614.812500  
 240  	14.0176   	59.434933   	-5.772766   	-21.239624  	423.187500  
 241  	14.0762   	59.291260   	-5.579224   	-21.578369  	124.937500  
 242  	14.1349   	60.081902   	-5.321228   	-21.307373  	263.562500  
 243  	14.1935   	59.866211   	-5.450256   	-21.104126  	584.562500  
 244  	14.2522   	59.938110   	-5.772766   	-21.036377  	508.437500  
 245  	14.3109   	60.225586   	-5.579224   	-21.713867  	176.312500  
 246  	14.3695   	60.441280   	-6.095276   	-21.239624  	190.312500  
 247  	14.4282   	60.944328   	-5.321228   	-21.375122  	522.062500  
 248  	14.4868   	61.160030   	-5.385742   	-21.578369  	562.562500  
 249  	14.5455   	60.944328   	-5.837219   	-22.120361  	235.062500  
 250  	14.6041   	59.866211   	-6.224243   	-21.781616  	148.562500  
 251  	14.6628   	60.153687   	-5.837219   	-21.510620  	462.437500  
 252  	14.7214   	59.147457   	-6.288757   	-21.307373  	598.312500  
 253  	14.7801   	59.938110   	-5.837219   	-20.968628  	309.062500  
 254  	14.8387   	59.291260   	-5.450256   	-22.323608  	114.437500  
 255  	14.8974   	59.003784   	-5.192261   	-21.849365  	370.062500  
 256  	14.9560   	58.859982   	-4.998779   	-21.578369  	612.812500  
 257  	15.0147   	59.075558   	-5.450256   	-21.917114  	399.187500  
 258  	15.0733   	58.788082   	-5.514771   	-21.104126  	127.812500  
 259  	15.1320   	58.931885   	-6.030762   	-21.375122  	314.812500  
 260  	15.1906   	58.788082   	-5.579224   	-20.833130  	600.687500  
 261  	15.2493   	57.566280   	-5.772766   	-20.968628  	469.187500  
 262  	15.3079   	56.488155   	-5.966248   	-20.900879  	150.812500  
 263  	15.3666   	56.919308   	-5.514771   	-21.239624  	226.437500  
 264  	15.4252   	56.272453   	-5.127747   	-20.968628  	554.812500  
 265  	15.4839   	57.063107   	-4.998779   	-21.239624  	539.687500  
 266  	15.5425   	56.631832   	-5.514771   	-20.358887  	202.187500  
 267  	15.6012   	56.631832   	-6.224243   	-20.494385  	161.687500  
 268  	15.6598   	56.128780   	-5.901733   	-20.968628  	496.062500  
 269  	15.7185   	55.769405   	-6.417725   	-20.900879  	590.062500  
 270  	15.7771   	55.481812   	-6.482239   	-20.291138  	268.062500  
 271  	15.8358   	55.410027   	-6.546753   	-20.833130  	120.687500  
 272  	15.8944   	55.338127   	-5.579224   	-20.968628  	416.812500  
 273  	15.9531   	55.481812   	-5.579224   	-21.036377  	610.562500  
 274  	16.0117   	55.481812   	-6.482239   	-20.968628  	90.437500   
 275  	16.0704   	55.913078   	-5.772766   	-21.442871  	54.187500   
 276  	16.1290   	55.553711   	-5.966248   	-21.307373  	92.937500   
 277  	16.1877   	54.834957   	-5.514771   	-21.375122  	416.562500  
 278  	16.2463   	54.619381   	-5.063232   	-21.510620  	560.562500  
 279  	16.3050   	55.553711   	-5.063232   	-21.239624  	197.187500  
 280  	16.3636   	55.122437   	-5.579224   	-21.104126  	182.437500  
 281  	16.4223   	55.697502   	-6.030762   	-20.968628  	468.187500  
 282  	16.4809   	55.769405   	-6.159729   	-20.562134  	566.812500  
 283  	16.5396   	55.841187   	-6.159729   	-21.104126  	308.187500  
 284  	16.5982   	56.559929   	-5.901733   	-20.697632  	137.812500  
 285  	16.6569   	55.769405   	-6.417725   	-20.358887  	392.937500  
 286  	16.7155   	54.834957   	-5.643738   	-21.442871  	581.812500  
 287  	16.7742   	55.122437   	-6.159729   	-21.849365  	363.312500  
 288  	16.8328   	56.344357   	-5.643738   	-21.578369  	144.812500  
 289  	16.8915   	55.481812   	-4.611755   	-21.442871  	319.312500  
 290  	16.9501   	55.913078   	-4.805237   	-20.765381  	573.187500  
 291  	17.0088   	55.194336   	-5.579224   	-21.442871  	444.312500  
 292  	17.0674   	55.194336   	-5.708252   	-21.375122  	156.812500  
 293  	17.1261   	55.984978   	-5.708252   	-21.104126  	240.312500  
 294  	17.1848   	56.056881   	-5.708252   	-20.900879  	539.812500  
 295  	17.2434   	56.344357   	-5.385742   	-20.494385  	499.437500  
 296  	17.3021   	57.063107   	-6.224243   	-20.900879  	205.562500  
 297  	17.3607   	57.206905   	-5.837219   	-20.697632  	199.687500  
 298  	17.4194   	57.638058   	-6.030762   	-21.036377  	499.562500  
 299  	17.4780   	57.853756   	-5.579224   	-22.052612  	554.812500  
 300  	17.5367   	57.278683   	-5.837219   	-22.120361  	259.687500  
 301  	17.5953   	57.135006   	-6.224243   	-21.442871  	154.437500  
 302  	17.6540   	57.350582   	-6.030762   	-21.307373  	422.062500  
 303  	17.7126   	57.278683   	-6.224243   	-21.510620  	574.062500  
 304  	17.7713   	57.709957   	-5.643738   	-21.917114  	344.187500  
 305  	17.8299   	57.925655   	-5.708252   	-21.984863  	141.937500  
 306  	17.8886   	56.847530   	-6.546753   	-21.307373  	347.562500  
 307  	17.9472   	56.200554   	-6.546753   	-21.375122  	580.812500  
 308  	18.0059   	55.769405   	-6.353271   	-21.104126  	434.187500  
 309  	18.0645   	54.691280   	-5.966248   	-20.900879  	146.562500  
 310  	18.1232   	55.481812   	-5.772766   	-20.494385  	285.562500  
 311  	18.1818   	55.266235   	-5.514771   	-20.900879  	555.687500  
 312  	18.2405   	55.194336   	-5.385742   	-20.494385  	473.312500  
 313  	18.2991   	54.331905   	-5.579224   	-19.952393  	186.937500  
 314  	18.3578   	54.906860   	-6.030762   	-20.765381  	209.687500  
 315  	18.4164   	55.553711   	-5.901733   	-20.291138  	511.687500  
 316  	18.4751   	54.619381   	-5.708252   	-21.171875  	539.312500  
 317  	18.5337   	54.763058   	-6.159729   	-22.052612  	243.062500  
 318  	18.5924   	54.763058   	-6.546753   	-21.849365  	165.187500  
 319  	18.6510   	54.547482   	-7.191772   	-21.510620  	462.312500  
 320  	18.7097   	53.253780   	-6.611267   	-22.323608  	569.312500  
 321  	18.7683   	53.541256   	-6.030762   	-22.188110  	310.312500  
 322  	18.8270   	53.109982   	-6.224243   	-21.578369  	148.562500  
 323  	18.8856   	52.391232   	-6.224243   	-21.646118  	376.937500  
 324  	18.9443   	51.456909   	-6.030762   	-21.307373  	591.187500  
 325  	19.0029   	51.672482   	-6.095276   	-21.442871  	385.937500  
 326  	19.0616   	50.234982   	-5.901733   	-21.984863  	150.187500  
 327  	19.1202   	49.156857   	-6.417725   	-21.984863  	303.812500  
 328  	19.1789   	48.510006   	-6.030762   	-21.510620  	559.937500  
 329  	19.2375   	46.138058   	-5.966248   	-20.900879  	454.562500  
 330  	19.2962   	45.994381   	-5.966248   	-21.442871  	158.687500  
 331  	19.3548   	44.772457   	-5.837219   	-21.646118  	233.562500  
 332  	19.4135   	44.053707   	-5.643738   	-21.442871  	538.562500  
 333  	19.4721   	42.616211   	-5.901733   	-20.968628  	519.812500  
 334  	19.5308   	41.753784   	-5.514771   	-21.036377  	214.312500  
 335  	19.5894   	40.459961   	-5.643738   	-21.104126  	184.687500  
 336  	19.6481   	40.747437   	-5.837219   	-21.104126  	481.312500  
 337  	19.7067   	39.238155   	-5.837219   	-20.968628  	556.937500  
 338  	19.7654   	38.016235   	-5.772766   	-20.968628  	277.187500  
 339  	19.8240   	36.578732   	-5.321228   	-20.968628  	142.937500  
 340  	19.8827   	36.147461   	-5.643738   	-20.900879  	424.937500  
 341  	19.9413   	34.278687   	-5.514771   	-20.087891  	579.062500  
 342  	20.0000   	33.200558   	-5.321228   	-20.562134  	174.937500  
 343  	20.0587   	31.619381   	-5.385742   	-20.765381  	121.062500  
 344  	20.1173   	31.116209   	-5.514771   	-20.900879  	76.062500   
 345  	20.1760   	30.181883   	-6.224243   	-20.900879  	418.812500  
 346  	20.2346   	28.888060   	-5.901733   	-21.307373  	528.562500  
 347  	20.2933   	27.450562   	-6.030762   	-21.036377  	257.187500  
 348  	20.3519   	26.372435   	-6.095276   	-21.171875  	142.062500  
 349  	20.4106   	24.575560   	-5.579224   	-21.510620  	411.062500  
 350  	20.4692   	21.988157   	-6.417725   	-21.646118  	580.812500  
 351  	20.5279   	20.694334   	-6.159729   	-21.375122  	384.937500  
 352  	20.5865   	19.831909   	-7.062744   	-20.968628  	132.562500  
 353  	20.6452   	18.538086   	-6.675720   	-21.104126  	337.312500  
 354  	20.7038   	16.741209   	-6.740234   	-21.104126  	580.062500  
 355  	20.7625   	14.584960   	-6.030762   	-20.494385  	434.687500  
 356  	20.8211   	13.722533   	-6.611267   	-20.697632  	166.687500  
 357  	20.8798   	11.853759   	-6.611267   	-20.765381  	256.812500  
 358  	20.9384   	10.559936   	-6.095276   	-20.968628  	546.937500  
 359  	20.9971   	10.056884   	-5.708252   	-21.104126  	501.812500  
 360  	21.0557   	8.331909    	-5.966248   	-20.697632  	205.187500  
 361  	21.1144   	7.325561    	-5.966248   	-20.358887  	196.187500  
 362  	21.1730   	5.385009    	-5.514771   	-20.562134  	502.812500  
 363  	21.2317   	3.660034    	-5.385742   	-20.358887  	544.687500  
 364  	21.2903   	1.288086    	-5.643738   	-20.155640  	259.937500  
 365  	21.3490   	-0.436890   	-5.514771   	-20.155640  	166.312500  
 366  	21.4076   	-2.449341   	-5.901733   	-20.697632  	432.812500  
 367  	21.4663   	-4.533813   	-6.095276   	-19.952393  	577.687500  
 368  	21.5249   	-5.971313   	-5.837219   	-20.358887  	307.562500  
 369  	21.5836   	-8.343140   	-5.192261   	-20.629883  	141.062500  
 370  	21.6422   	-10.786864  	-4.998779   	-21.036377  	351.187500  
 371  	21.7009   	-13.086913  	-4.934265   	-21.036377  	581.812500  
 372  	21.7595   	-15.818115  	-5.256775   	-21.307373  	394.687500  
 373  	21.8182   	-17.686890  	-5.514771   	-20.697632  	140.312500  
 374  	21.8768   	-20.130615  	-5.643738   	-20.426636  	287.062500  
 375  	21.9355   	-22.933775  	-5.966248   	-20.697632  	550.437500  
 376  	21.9941   	-24.227539  	-6.288757   	-20.562134  	475.562500  
 377  	22.0528   	-26.527525  	-6.159729   	-20.833130  	167.937500  
 378  	22.1114   	-28.899412  	-6.159729   	-21.036377  	233.937500  
 379  	22.1701   	-30.121275  	-5.256775   	-20.765381  	532.937500  
 380  	22.2287   	-32.564999  	-5.579224   	-20.629883  	529.562500  
 381  	22.2874   	-33.786865  	-5.579224   	-20.494385  	215.687500  
 382  	22.3460   	-34.793148  	-5.837219   	-20.900879  	241.812500  
 383  	22.4047   	-36.661865  	-5.256775   	-20.629883  	511.062500  
 384  	22.4633   	-38.171265  	-5.063232   	-21.375122  	516.437500  
 385  	22.5220   	-39.968136  	-5.321228   	-21.307373  	256.562500  
 386  	22.5806   	-41.118160  	-5.901733   	-21.442871  	195.562500  
 387  	22.6393   	-42.196285  	-6.095276   	-21.036377  	451.812500  
 388  	22.6979   	-44.064999  	-6.546753   	-21.036377  	546.687500  
 389  	22.7566   	-44.208736  	-6.224243   	-21.307373  	312.937500  
 390  	22.8152   	-44.783749  	-6.288757   	-21.036377  	160.562500  
 391  	22.8739   	-46.436886  	-5.579224   	-21.239624  	378.687500  
 392  	22.9326   	-47.802486  	-5.901733   	-21.375122  	561.937500  
 393  	22.9912   	-48.880611  	-6.546753   	-21.646118  	374.687500  
 394  	23.0499   	-49.743164  	-5.772766   	-21.713867  	161.812500  
 395  	23.1085   	-51.108761  	-5.450256   	-21.171875  	317.937500  
 396  	23.1672   	-52.546265  	-5.708252   	-21.510620  	546.937500  
 397  	23.2258   	-53.121273  	-5.901733   	-21.307373  	447.687500  
 398  	23.2845   	-54.630611  	-5.772766   	-21.713867  	173.312500  
 399  	23.3431   	-57.146236  	-5.450256   	-21.307373  	268.687500  
 400  	23.4018   	-56.786861  	-5.708252   	-21.239624  	503.937500  
 401  	23.4604   	-58.224365  	-5.708252   	-20.697632  	506.437500  
 402  	23.5191   	-59.302483  	-5.579224   	-20.087891  	210.062500  
 403  	23.5777   	-60.452511  	-5.772766   	-20.900879  	214.062500  
 404  	23.6364   	-62.321289  	-5.385742   	-21.510620  	473.937500  
 405  	23.6950   	-63.399406  	-5.256775   	-21.375122  	540.312500  
 406  	23.7537   	-64.836906  	-5.192261   	-21.375122  	291.437500  
 407  	23.8123   	-66.274414  	-5.063232   	-21.646118  	168.312500  
 408  	23.8710   	-67.496277  	-4.934265   	-21.442871  	418.687500  
 409  	23.9296   	-68.358757  	-5.579224   	-21.171875  	556.312500  
 410  	23.9883   	-69.939995  	-5.192261   	-21.917114  	343.437500  
 411  	24.0469   	-70.802490  	-5.772766   	-21.713867  	-61.687500  
 412  	24.1056   	-71.161865  	-5.127747   	-21.781616  	41.062500   
 413  	24.1642   	-71.161865  	-4.998779   	-21.104126  	348.062500  
 414  	24.2229   	-70.730644  	-5.450256   	-22.120361  	491.062500  
 415  	24.2815   	-71.736870  	-4.998779   	-21.239624  	248.312500  
 416  	24.3402   	-73.102531  	-5.643738   	-20.833130  	149.562500  
 417  	24.3988   	-72.599358  	-5.772766   	-21.510620  	396.187500  
 418  	24.4575   	-72.455620  	-4.805237   	-22.052612  	554.437500  
 419  	24.5161   	-73.677483  	-4.740723   	-21.849365  	359.312500  
 420  	24.5748   	-73.318108  	-5.514771   	-21.171875  	159.312500  
 421  	24.6334   	-73.102531  	-5.579224   	-21.849365  	337.812500  
 422  	24.6921   	-73.965027  	-6.482239   	-20.697632  	553.562500  
 423  	24.7507   	-75.474365  	-7.062744   	-21.510620  	430.437500  
 424  	24.8094   	-75.977539  	-7.127258   	-21.781616  	164.812500  
 425  	24.8680   	-76.049370  	-6.869263   	-21.239624  	277.812500  
 426  	24.9267   	-76.983757  	-6.417725   	-21.375122  	535.437500  
 427  	24.9853   	-77.199402  	-5.708252   	-21.578369  	487.812500  
 428  	25.0440   	-77.774406  	-6.353271   	-21.646118  	232.812500  
 429  	25.1026   	-77.702507  	-6.417725   	-21.307373  	207.812500  
 430  	25.1613   	-76.840019  	-6.611267   	-20.562134  	482.687500  
 431  	25.2199   	-77.486877  	-6.353271   	-20.968628  	522.187500  
 432  	25.2786   	-78.349358  	-6.804749   	-20.968628  	261.562500  
 433  	25.3372   	-78.133781  	-6.482239   	-21.239624  	187.812500  
 434  	25.3959   	-78.061882  	-6.482239   	-21.104126  	429.062500  
 435  	25.4545   	-78.349358  	-6.288757   	-21.578369  	549.812500  
 436  	25.5132   	-77.918152  	-5.837219   	-20.900879  	320.687500  
 437  	25.5718   	-77.630608  	-5.901733   	-20.765381  	151.562500  
 438  	25.6305   	-78.277527  	-5.837219   	-21.239624  	349.437500  
 439  	25.6891   	-76.840019  	-5.901733   	-21.713867  	571.187500  
 440  	25.7478   	-77.199402  	-6.030762   	-21.307373  	398.187500  
 441  	25.8065   	-75.833740  	-5.901733   	-21.171875  	169.937500  
 442  	25.8651   	-74.827515  	-6.030762   	-21.442871  	303.562500  
 443  	25.9238   	-73.533752  	-6.095276   	-21.239624  	542.437500  
 444  	25.9824   	-72.527527  	-6.288757   	-21.510620  	488.062500  
 445  	26.0411   	-72.383781  	-6.740234   	-21.578369  	192.437500  
 446  	26.0997   	-70.658745  	-6.159729   	-22.052612  	244.562500  
 447  	26.1584   	-68.143127  	-6.869263   	-21.239624  	500.062500  
 448  	26.2170   	-55.061886  	-6.417725   	-20.562134  	520.562500  
 449  	26.2757   	-37.524410  	-6.095276   	-20.833130  	249.062500  
 450  	26.3343   	-21.208738  	-6.353271   	-20.833130  	195.687500  
 451  	26.3930   	-7.480590   	-6.998230   	-20.968628  	443.812500  
 452  	26.4516   	2.797485    	-7.385254   	-21.239624  	544.562500  
 453  	26.5103   	11.997437   	-6.417725   	-20.968628  	319.312500  
 454  	26.5689   	19.400633   	-6.224243   	-20.629883  	161.937500  
 455  	26.6276   	23.569334   	-6.675720   	-20.968628  	391.437500  
 456  	26.6862   	27.378782   	-6.353271   	-20.968628  	565.562500  
 457  	26.7449   	30.397459   	-6.159729   	-20.494385  	379.812500  
 458  	26.8035   	31.978758   	-6.288757   	-20.765381  	167.437500  
 459  	26.8622   	34.278687   	-6.224243   	-21.036377  	318.187500  
 460  	26.9208   	36.794312   	-5.772766   	-20.900879  	552.687500  
 461  	26.9795   	39.022457   	-5.385742   	-21.171875  	436.187500  
 462  	27.0381   	40.675655   	-6.095276   	-21.307373  	179.937500  
 463  	27.0968   	41.466183   	-5.901733   	-21.036377  	256.437500  
 464  	27.1554   	43.263062   	-5.450256   	-20.426636  	519.812500  
 465  	27.2141   	44.413082   	-5.385742   	-20.900879  	487.937500  
 466  	27.2727   	45.131836   	-5.385742   	-20.629883  	228.062500  
 467  	27.3314   	44.628784   	-5.385742   	-20.426636  	209.437500  
 468  	27.3900   	45.203735   	-5.321228   	-21.171875  	473.187500  
 469  	27.4487   	44.844360   	-5.063232   	-21.442871  	548.562500  
 470  	27.5073   	45.491211   	-4.547241   	-21.104126  	270.187500  
 471  	27.5660   	45.203735   	-5.063232   	-21.849365  	184.312500  
 472  	27.6246   	46.497433   	-5.966248   	-21.510620  	421.062500  
 473  	27.6833   	47.575558   	-5.901733   	-21.104126  	569.687500  
 474  	27.7419   	47.863155   	-5.837219   	-21.510620  	355.562500  
 475  	27.8006   	49.300655   	-5.579224   	-21.646118  	169.937500  
 476  	27.8592   	49.803711   	-5.837219   	-21.713867  	349.062500  
 477  	27.9179   	50.234982   	-6.030762   	-21.307373  	569.312500  
 478  	27.9765   	49.803711   	-5.579224   	-20.562134  	409.812500  
 479  	28.0352   	50.378780   	-6.224243   	-21.171875  	-47.937500  
 480  	28.0938   	49.731808   	-5.837219   	-21.442871  	18.187500   
 481  	28.1525   	50.019405   	-5.450256   	-21.442871  	284.437500  
 482  	28.2111   	50.666256   	-6.030762   	-21.646118  	498.812500  
 483  	28.2698   	50.666256   	-5.901733   	-20.968628  	303.187500  
 484  	28.3284   	51.169308   	-6.224243   	-20.629883  	136.562500  
 485  	28.3871   	50.881832   	-5.708252   	-20.900879  	323.062500  
 486  	28.4457   	51.816280   	-6.030762   	-20.426636  	552.187500  
 487  	28.5044   	52.535030   	-5.192261   	-21.171875  	552.812500  
 488  	28.5630   	52.606812   	-5.127747   	-21.442871  	180.687500  
 489  	28.6217   	52.966183   	-5.643738   	-21.104126  	145.562500  
 490  	28.6804   	54.691280   	-5.966248   	-20.426636  	463.187500  
 491  	28.7390   	54.834957   	-6.482239   	-20.765381  	586.312500  
 492  	28.7977   	55.266235   	-6.417725   	-20.629883  	291.062500  
 493  	28.8563   	56.703732   	-5.901733   	-21.239624  	119.187500  
 494  	28.9150   	56.991207   	-6.417725   	-21.171875  	387.687500  
 495  	28.9736   	57.638058   	-5.708252   	-21.781616  	611.562500  
 496  	29.0323   	60.584953   	-5.901733   	-21.984863  	381.687500  
 497  	29.0909   	73.234985   	-5.837219   	-21.510620  	116.062500  
 498  	29.1496   	81.500610   	-6.224243   	-20.900879  	299.937500  
 499  	29.2082   	86.244385   	-6.482239   	-20.833130  	599.437500  
 500  	29.2669   	87.178711   	-6.095276   	-20.765381  	466.437500  
 501  	29.3255   	84.878777   	-6.288757   	-20.765381  	150.187500  
 502  	29.3842   	82.866211   	-6.030762   	-20.291138  	236.312500  
 503  	29.4428   	80.063103   	-6.740234   	-20.697632  	565.562500  
 504  	29.5015   	77.619385   	-6.998230   	-21.036377  	535.312500  
 505  	29.5601   	74.456902   	-6.611267   	-21.171875  	190.687500  
 506  	29.6188   	71.653679   	-5.966248   	-20.968628  	163.312500  
 507  	29.6774   	70.288078   	-5.579224   	-21.239624  	489.937500  
 508  	29.7361   	68.850586   	-4.869751   	-21.713867  	575.687500  
 509  	29.7947   	66.694328   	-5.063232   	-21.442871  	270.937500  
 510  	29.8534   	65.256828   	-6.030762   	-21.578369  	129.687500  
 511  	29.9120   	63.819332   	-5.772766   	-20.968628  	411.187500  
 512  	29.9707   	63.603760   	-5.192261   	-19.681396  	610.562500  
 513  	30.0293   	63.316284   	-5.643738   	-19.749146  	350.312500  
 514  	30.0880   	62.094357   	-5.385742   	-20.358887  	116.312500  
 515  	30.1466   	62.381832   	-5.385742   	-20.494385  	337.937500  
 516  	30.2053   	62.813107   	-5.514771   	-20.697632  	608.437500  
 517  	30.2639   	61.088131   	-5.127747   	-21.036377  	437.187500  
 518  	30.3226   	60.656853   	-5.256775   	-21.171875  	132.812500  
 519  	30.3812   	59.506836   	-5.321228   	-21.713867  	253.937500  
 520  	30.4399   	59.506836   	-5.385742   	-21.849365  	574.062500  
 521  	30.4985   	58.500607   	-5.321228   	-22.797852  	506.312500  
 522  	30.5572   	57.853756   	-5.256775   	-21.781616  	166.687500  
 523  	30.6158   	59.219360   	-6.353271   	-21.036377  	179.187500  
 524  	30.6745   	59.938110   	-6.353271   	-21.239624  	524.187500  
 525  	30.7331   	60.010002   	-5.772766   	-21.171875  	571.562500  
 526  	30.7918   	60.656853   	-5.579224   	-20.968628  	231.062500  
 527  	30.8504   	59.722527   	-6.546753   	-21.171875  	140.187500  
 528  	30.9091   	58.428707   	-6.546753   	-20.833130  	463.062500  
 529  	30.9677   	58.859982   	-6.740234   	-20.358887  	608.312500  
 530  	31.0264   	58.500607   	-6.611267   	-20.900879  	324.437500  
 531  	31.0850   	57.997433   	-6.675720   	-21.578369  	119.437500  
 532  	31.1437   	58.141232   	-6.353271   	-21.442871  	365.812500  
 533  	31.2023   	57.638058   	-6.288757   	-21.171875  	614.437500  
 534  	31.2610   	57.781857   	-6.417725   	-21.239624  	411.812500  
 535  	31.3196   	57.278683   	-6.288757   	-20.494385  	128.687500  
 536  	31.3783   	58.644409   	-5.901733   	-20.697632  	282.687500  
 537  	31.4370   	58.069332   	-5.063232   	-20.697632  	602.062500  
 538  	31.4956   	57.278683   	-5.385742   	-20.426636  	483.312500  
 539  	31.5543   	57.135006   	-4.869751   	-20.629883  	154.687500  
 540  	31.6129   	56.631832   	-4.676270   	-20.968628  	221.437500  
 541  	31.6716   	56.416256   	-5.579224   	-20.629883  	557.062500  
 542  	31.7302   	57.350582   	-5.514771   	-21.036377  	545.812500  
 543  	31.7889   	56.488155   	-4.934265   	-20.765381  	199.062500  
 544  	31.8475   	56.200554   	-5.450256   	-20.562134  	154.312500  
 545  	31.9062   	56.056881   	-5.579224   	-20.426636  	489.187500  
 546  	31.9648   	55.553711   	-6.030762   	-20.765381  	597.187500  
 547  	32.0235   	56.056881   	-6.740234   	-20.629883  	-6.312500   
 548  	32.0821   	55.697502   	-6.417725   	-21.307373  	-6.687500   
 549  	32.1408   	55.697502   	-5.192261   	-21.104126  	125.062500  
 550  	32.1994   	55.769405   	-5.579224   	-20.765381  	461.187500  
 551  	32.2581   	56.128780   	-6.159729   	-20.291138  	507.812500  
 552  	32.3167   	55.697502   	-5.837219   	-21.171875  	197.687500  
 553  	32.3754   	56.200554   	-5.514771   	-21.375122  	141.562500  
 554  	32.4340   	55.050652   	-5.450256   	-21.104126  	470.687500  
 555  	32.4927   	55.194336   	-5.708252   	-21.307373  	593.437500  
 556  	32.5513   	55.122437   	-5.514771   	-21.375122  	292.312500  
 557  	32.6100   	54.403683   	-4.934265   	-20.697632  	118.312500  
 558  	32.6686   	54.475582   	-6.288757   	-20.087891  	390.687500  
 559  	32.7273   	54.978760   	-6.159729   	-20.223389  	612.687500  
 560  	32.7859   	54.834957   	-6.224243   	-20.223389  	367.687500  
 561  	32.8446   	54.260006   	-5.901733   	-20.900879  	116.437500  
 562  	32.9032   	55.410027   	-5.579224   	-21.104126  	314.937500  
 563  	32.9619   	54.691280   	-5.643738   	-20.697632  	601.312500  
 564  	33.0205   	54.906860   	-5.127747   	-21.036377  	461.437500  
 565  	33.0792   	54.978760   	-5.385742   	-20.155640  	142.562500  
 566  	33.1378   	53.684933   	-6.030762   	-20.358887  	235.562500  
 567  	33.1965   	53.469357   	-5.901733   	-20.697632  	560.562500  
 568  	33.2551   	53.038082   	-6.224243   	-20.494385  	524.812500  
 569  	33.3138   	53.038082   	-5.385742   	-20.358887  	190.562500  
 570  	33.3724   	52.894405   	-5.385742   	-20.426636  	181.812500  
 571  	33.4311   	52.391232   	-6.030762   	-20.223389  	509.062500  
 572  	33.4897   	52.894405   	-6.417725   	-19.613647  	569.437500  
 573  	33.5484   	52.822506   	-6.159729   	-19.342651  	250.562500  
 574  	33.6070   	52.966183   	-6.224243   	-19.816895  	117.812500  
 575  	33.6657   	52.031860   	-6.546753   	-19.749146  	416.562500  
 576  	33.7243   	52.103756   	-6.030762   	-19.613647  	601.562500  
 577  	33.7830   	51.528683   	-5.385742   	-20.562134  	338.187500  
 578  	33.8416   	52.103756   	-5.643738   	-20.629883  	116.062500  
 579  	33.9003   	51.959957   	-6.546753   	-20.697632  	339.937500  
 580  	33.9589   	52.247433   	-6.417725   	-20.358887  	608.062500  
 581  	34.0176   	51.959957   	-6.482239   	-20.562134  	420.312500  
 582  	34.0762   	51.744385   	-5.966248   	-20.833130  	128.312500  
 583  	34.1349   	51.816280   	-5.514771   	-21.646118  	263.562500  
 584  	34.1935   	52.247433   	-5.643738   	-21.104126  	583.687500  
 585  	34.2522   	52.175655   	-6.353271   	-21.104126  	506.437500  
 586  	34.3109   	51.744385   	-5.256775   	-21.036377  	169.312500  
 587  	34.3695   	51.169308   	-5.837219   	-20.494385  	185.812500  
 588  	34.4282   	51.456909   	-5.321228   	-20.426636  	519.187500  
 589  	34.4868   	51.241207   	-5.192261   	-21.510620  	564.562500  
 590  	34.5455   	51.528683   	-5.772766   	-21.171875  	228.562500  
 591  	34.6041   	51.385006   	-5.772766   	-21.307373  	134.937500  
 592  	34.6628   	51.744385   	-6.224243   	-20.900879  	454.937500  
 593  	34.7214   	51.456909   	-5.966248   	-20.494385  	600.187500  
 594  	34.7801   	52.031860   	-6.740234   	-20.426636  	306.812500  
 595  	34.8387   	51.456909   	-6.288757   	-19.952393  	116.687500  
 596  	34.8974   	51.888058   	-6.482239   	-20.562134  	385.062500  
 597  	34.9560   	51.313107   	-6.224243   	-20.494385  	616.437500  
 598  	35.0147   	50.738155   	-5.901733   	-20.087891  	401.062500  
 599  	35.0733   	50.953732   	-5.385742   	-20.494385  	125.687500  
 600  	35.1320   	49.875607   	-5.901733   	-20.562134  	305.562500  
 601  	35.1906   	50.881832   	-5.772766   	-20.629883  	599.187500  
 602  	35.2493   	50.953732   	-5.385742   	-20.765381  	474.687500  
 603  	35.3079   	50.738155   	-6.159729   	-20.223389  	160.437500  
 604  	35.3666   	50.594357   	-6.482239   	-20.358887  	232.562500  
 605  	35.4252   	51.528683   	-5.966248   	-20.291138  	562.062500  
 606  	35.4839   	51.600582   	-5.450256   	-20.223389  	543.687500  
 607  	35.5425   	51.025631   	-5.643738   	-19.884644  	212.062500  
 608  	35.6012   	51.744385   	-5.514771   	-19.749146  	167.187500  
 609  	35.6598   	52.319336   	-5.450256   	-20.087891  	493.687500  
 610  	35.7185   	51.816280   	-5.514771   	-20.426636  	590.687500  
 611  	35.7771   	52.175655   	-5.256775   	-21.036377  	273.062500  
 612  	35.8358   	51.672482   	-6.740234   	-21.713867  	126.937500  
 613  	35.8944   	52.606812   	-6.482239   	-21.171875  	407.062500  
 614  	35.9531   	52.606812   	-6.288757   	-21.442871  	607.437500  
 615  	36.0117   	51.456909   	-6.869263   	-20.833130  	75.687500   
 616  	36.0704   	51.528683   	-6.740234   	-20.291138  	51.437500   
 617  	36.1290   	51.313107   	-6.675720   	-20.223389  	92.312500   
 618  	36.1877   	51.528683   	-6.095276   	-20.426636  	415.562500  
 619  	36.2463   	51.241207   	-5.643738   	-20.020142  	492.187500  
 620  	36.3050   	51.385006   	-6.030762   	-20.426636  	197.937500  
 621  	36.3636   	50.378780   	-5.966248   	-21.307373  	166.937500  
 622  	36.4223   	50.522457   	-5.385742   	-21.104126  	460.312500  
 623  	36.4809   	51.169308   	-5.901733   	-21.036377  	567.312500  
 624  	36.5396   	50.809933   	-5.514771   	-20.900879  	298.437500  
 625  	36.5982   	51.528683   	-5.450256   	-20.765381  	147.062500  
 626  	36.6569   	50.594357   	-6.095276   	-20.562134  	384.437500  
 627  	36.7155   	50.522457   	-6.159729   	-20.494385  	584.937500  
 628  	36.7742   	50.234982   	-5.966248   	-20.697632  	369.062500  
 629  	36.8328   	49.444332   	-5.772766   	-20.291138  	142.062500  
 630  	36.8915   	49.300655   	-6.353271   	-21.036377  	327.437500  
 631  	36.9501   	49.013058   	-6.675720   	-20.697632  	575.187500  
 632  	37.0088   	48.294308   	-6.030762   	-20.155640  	435.937500  
 633  	37.0674   	46.856808   	-6.030762   	-20.358887  	153.937500  
 634  	37.1261   	45.994381   	-5.837219   	-21.713867  	252.437500  
 635  	37.1848   	43.981808   	-6.482239   	-21.578369  	544.562500  
 636  	37.2434   	43.910030   	-6.353271   	-21.713867  	517.312500  
 637  	37.3021   	43.191280   	-6.417725   	-21.375122  	198.687500  
 638  	37.3607   	43.622437   	-6.159729   	-21.239624  	202.562500  
 639  	37.4194   	42.041260   	-6.804749   	-21.442871  	495.812500  
 640  	37.4780   	40.891232   	-6.417725   	-21.510620  	558.187500  
 641  	37.5367   	39.813107   	-5.579224   	-20.494385  	274.062500  
 642  	37.5953   	39.238155   	-6.030762   	-20.629883  	154.937500  
 643  	37.6540   	38.088135   	-5.385742   	-20.765381  	440.062500  
 644  	37.7126   	37.081909   	-5.837219   	-20.968628  	578.812500  
 645  	37.7713   	36.434937   	-6.353271   	-21.510620  	342.937500  
 646  	37.8299   	35.428707   	-5.708252   	-21.849365  	142.812500  
 647  	37.8886   	35.213135   	-5.579224   	-20.562134  	352.812500  
 648  	37.9472   	34.063107   	-5.966248   	-20.833130  	583.687500  
 649  	38.0059   	32.769409   	-6.288757   	-21.375122  	422.312500  
 650  	38.0645   	31.619381   	-5.256775   	-21.171875  	144.687500  
 651  	38.1232   	30.253782   	-5.256775   	-21.442871  	279.187500  
 652  	38.1818   	28.959959   	-5.127747   	-21.375122  	567.687500  
 653  	38.2405   	28.169310   	-6.095276   	-20.426636  	468.937500  
 654  	38.2991   	26.660032   	-5.901733   	-20.697632  	186.312500  
 655  	38.3578   	26.084959   	-6.095276   	-20.426636  	215.437500  
 656  	38.4164   	24.647459   	-6.159729   	-20.629883  	510.437500  
 657  	38.4751   	24.072508   	-6.353271   	-21.036377  	535.687500  
 658  	38.5337   	22.347534   	-6.482239   	-21.375122  	223.062500  
 659  	38.5924   	20.334959   	-6.611267   	-21.781616  	171.687500  
 660  	38.6510   	18.250610   	-6.030762   	-21.510620  	448.562500  
 661  	38.7097   	17.459961   	-5.837219   	-21.646118  	568.812500  
 662  	38.7683   	15.734984   	-5.708252   	-21.239624  	294.437500  
 663  	38.8270   	14.513062   	-5.063232   	-21.307373  	138.437500  
 664  	38.8856   	11.925659   	-4.934265   	-20.833130  	380.562500  
 665  	38.9443   	11.063109   	-5.966248   	-20.765381  	573.812500  
 666  	39.0029   	9.769408    	-4.611755   	-20.223389  	371.562500  
 667  	39.0616   	8.475585    	-5.708252   	-21.036377  	136.437500  
 668  	39.1202   	7.397460    	-6.288757   	-20.833130  	319.937500  
 669  	39.1789   	5.959960    	-6.353271   	-21.375122  	565.437500  
 670  	39.2375   	4.306885    	-6.482239   	-21.375122  	458.062500  
 671  	39.2962   	2.581909    	-6.159729   	-21.713867  	162.562500  
 672  	39.3548   	0.928711    	-6.546753   	-21.781616  	244.812500  
 673  	39.4135   	-0.580688   	-5.643738   	-21.171875  	538.937500  
 674  	39.4721   	-2.377563   	-5.708252   	-21.375122  	506.062500  
 675  	39.5308   	-4.030640   	-6.288757   	-21.578369  	209.187500  
 676  	39.5894   	-6.186889   	-6.095276   	-20.968628  	186.437500  
 677  	39.6481   	-7.983764   	-5.579224   	-20.291138  	474.437500  
 678  	39.7067   	-10.858764  	-5.837219   	-21.510620  	551.562500  
 679  	39.7654   	-14.236876  	-5.321228   	-21.307373  	245.937500  
 680  	39.8240   	-15.602538  	-5.192261   	-21.713867  	146.312500  
 681  	39.8827   	-18.549376  	-4.869751   	-22.323608  	405.937500  
 682  	39.9413   	-19.843140  	-5.385742   	-21.510620  	573.312500  
 683  	40.0000   	-20.849363  	-6.288757   	-21.171875  	166.937500  
 684  	40.0587   	-23.149414  	-5.450256   	-21.375122  	130.937500  
 685  	40.1173   	-25.305662  	-5.256775   	-20.697632  	68.562500   
 686  	40.1760   	-25.952513  	-5.192261   	-20.900879  	433.437500  
 687  	40.2346   	-28.252501  	-4.998779   	-20.494385  	531.187500  
 688  	40.2933   	-29.690002  	-5.901733   	-20.900879  	275.187500  
 689  	40.3519   	-31.918152  	-5.901733   	-20.697632  	142.312500  
 690  	40.4106   	-32.924374  	-6.030762   	-21.036377  	417.812500  
 691  	40.4692   	-34.936886  	-6.482239   	-21.036377  	578.687500  
 692  	40.5279   	-35.943111  	-6.417725   	-20.968628  	380.062500  
 693  	40.5865   	-38.171265  	-5.966248   	-21.442871  	138.562500  
 694  	40.6452   	-39.393124  	-6.224243   	-21.442871  	328.687500  
 695  	40.7038   	-41.549374  	-6.224243   	-20.900879  	585.312500  
 696  	40.7625   	-43.058777  	-5.966248   	-21.104126  	430.562500  
 697  	40.8211   	-43.993160  	-6.353271   	-21.239624  	154.437500  
 698  	40.8798   	-44.927486  	-6.353271   	-20.968628  	272.562500  
 699  	40.9384   	-44.999386  	-6.030762   	-21.578369  	547.437500  
 700  	40.9971   	-46.149410  	-6.095276   	-21.781616  	511.062500  
 701  	41.0557   	-46.508785  	-5.385742   	-21.104126  	201.062500  
 702  	41.1144   	-47.658749  	-6.159729   	-21.171875  	200.562500  
 703  	41.1730   	-48.521236  	-6.998230   	-21.171875  	493.062500  
 704  	41.2317   	-49.599361  	-6.611267   	-21.171875  	553.687500  
 705  	41.2903   	-51.827511  	-6.288757   	-20.968628  	253.562500  
 706  	41.3490   	-53.336910  	-6.095276   	-21.239624  	167.312500  
 707  	41.4076   	-54.846249  	-5.837219   	-20.833130  	435.437500  
 708  	41.4663   	-55.924377  	-6.159729   	-21.239624  	570.437500  
 709  	41.5249   	-57.864990  	-6.095276   	-21.171875  	316.562500  
 710  	41.5836   	-58.296265  	-6.095276   	-21.375122  	130.312500  
 711  	41.6422   	-60.596252  	-5.901733   	-20.155640  	369.687500  
 712  	41.7009   	-60.739986  	-5.966248   	-20.765381  	575.937500  
 713  	41.7595   	-61.243160  	-5.385742   	-21.510620  	417.312500  
 714  	41.8182   	-63.040031  	-4.934265   	-21.239624  	148.312500  
 715  	41.8768   	-64.405632  	-5.643738   	-21.510620  	295.437500  
 716  	41.9355   	-65.196289  	-6.095276   	-21.171875  	563.062500  
 717  	41.9941   	-67.568115  	-5.643738   	-21.646118  	477.687500  
 718  	42.0528   	-67.568115  	-5.643738   	-21.510620  	181.937500  
 719  	42.1114   	-67.927483  	-5.450256   	-21.917114  	211.687500  
 720  	42.1701   	-68.718132  	-5.643738   	-21.781616  	523.562500  
 721  	42.2287   	-69.724358  	-6.030762   	-21.713867  	526.312500  
 722  	42.2874   	-71.090019  	-6.095276   	-21.442871  	202.062500  
 723  	42.3460   	-71.090019  	-5.837219   	-21.984863  	249.687500  
 724  	42.4047   	-72.311882  	-6.095276   	-22.052612  	496.312500  
 725  	42.4633   	-72.599358  	-6.159729   	-21.171875  	527.437500  
 726  	42.5220   	-73.605652  	-5.579224   	-21.375122  	244.062500  
 727  	42.5806   	-73.461906  	-5.321228   	-21.239624  	197.187500  
 728  	42.6393   	-73.605652  	-5.192261   	-21.104126  	448.062500  
 729  	42.6979   	-74.540039  	-5.127747   	-20.900879  	552.937500  
 730  	42.7566   	-74.252502  	-5.063232   	-21.104126  	311.937500  
 731  	42.8152   	-75.043144  	-5.385742   	-20.629883  	170.437500  
 732  	42.8739   	-75.402519  	-5.772766   	-20.426636  	378.062500  
 733  	42.9326   	-76.911858  	-6.030762   	-20.291138  	556.437500  
 734  	42.9912   	-76.983757  	-6.030762   	-21.104126  	385.812500  
 735  	43.0499   	-77.055656  	-6.482239   	-21.849365  	157.562500  
 736  	43.1085   	-78.636902  	-6.675720   	-21.510620  	309.562500  
 737  	43.1672   	-78.421257  	-6.224243   	-21.646118  	542.187500  
 738  	43.2258   	-79.140007  	-6.933777   	-21.104126  	456.062500  
 739  	43.2845   	-79.068108  	-6.546753   	-20.900879  	184.812500  
 740  	43.3431   	-79.786865  	-5.966248   	-20.833130  	248.937500  
 741  	43.4018   	-79.786865  	-6.159729   	-20.900879  	506.937500  
 742  	43.4604   	-80.074394  	-5.772766   	-21.375122  	488.062500  
 743  	43.5191   	-80.433769  	-5.579224   	-21.442871  	221.062500  
 744  	43.5777   	-80.649414  	-5.450256   	-21.984863  	205.812500  
 745  	43.6364   	-80.074394  	-5.256775   	-22.526855  	474.437500  
 746  	43.6950   	-79.571289  	-4.740723   	-22.391357  	540.312500  
 747  	43.7537   	-80.146240  	-5.708252   	-21.646118  	286.562500  
 748  	43.8123   	-79.930664  	-5.772766   	-21.171875  	175.437500  
 749  	43.8710   	-80.074394  	-6.159729   	-21.171875  	404.187500  
 750  	43.9296   	-80.505615  	-6.095276   	-21.578369  	555.687500  
 751  	43.9883   	-80.577515  	-5.643738   	-21.578369  	335.437500  
 752  	44.0469   	-79.786865  	-5.901733   	-21.781616  	-64.062500  
 753  	44.1056   	-80.577515  	-5.643738   	-21.849365  	42.312500   
 754  	44.1642   	-80.577515  	-5.063232   	-21.036377  	352.187500  
 755  	44.2229   	-81.296257  	-5.127747   	-21.442871  	478.562500  
 756  	44.2815   	-81.583733  	-5.192261   	-21.239624  	254.812500  
 757  	44.3402   	-81.943108  	-5.643738   	-21.036377  	142.562500  
 758  	44.3988   	-81.943108  	-6.288757   	-20.968628  	394.187500  
 759  	44.4575   	-82.661858  	-6.546753   	-21.307373  	560.812500  
 760  	44.5161   	-83.236877  	-6.740234   	-21.375122  	358.812500  
 761  	44.5748   	-82.302483  	-5.643738   	-21.510620  	166.187500  
 762  	44.6334   	-81.583733  	-5.385742   	-21.849365  	325.437500  
 763  	44.6921   	-81.296257  	-5.901733   	-21.849365  	559.812500  
 764  	44.7507   	-80.864990  	-5.514771   	-22.526855  	416.812500  
 765  	44.8094   	-80.290039  	-5.450256   	-22.188110  	172.437500  
 766  	44.8680   	-80.721245  	-5.450256   	-21.917114  	268.812500  
 767  	44.9267   	-80.936890  	-5.579224   	-22.188110  	535.562500  
 768  	44.9853   	-80.433769  	-6.224243   	-21.781616  	479.062500  
 769  	45.0440   	-81.152519  	-5.321228   	-21.984863  	207.062500  
 770  	45.1026   	-80.577515  	-5.450256   	-20.833130  	214.562500  
 771  	45.1613   	-80.433769  	-5.192261   	-21.307373  	469.687500  
 772  	45.2199   	-80.936890  	-5.127747   	-21.171875  	530.562500  
 773  	45.2786   	-81.655632  	-5.708252   	-21.239624  	260.687500  
 774  	45.3372   	-81.080620  	-5.579224   	-21.307373  	189.687500  
 775  	45.3959   	-82.015007  	-5.579224   	-20.968628  	441.062500  
 776  	45.4545   	-80.864990  	-5.708252   	-20.765381  	548.562500  
 777  	45.5132   	-82.374382  	-5.385742   	-21.510620  	328.562500  
 778  	45.5718   	-81.583733  	-5.901733   	-21.713867  	157.437500  
 779  	45.6305   	-81.583733  	-6.095276   	-21.849365  	365.937500  
 780  	45.6891   	-81.511894  	-5.966248   	-21.375122  	559.187500  
 781  	45.7478   	-80.649414  	-5.450256   	-21.917114  	406.187500  
 782  	45.8065   	-81.296257  	-5.256775   	-21.375122  	158.312500  
 783  	45.8651   	-81.655632  	-5.772766   	-21.713867  	305.562500  
 784  	45.9238   	-82.158752  	-5.901733   	-20.833130  	540.687500  
 785  	45.9824   	-82.661858  	-5.579224   	-21.849365  	458.062500  
 786  	46.0411   	-82.518127  	-5.837219   	-21.781616  	195.312500  
 787  	46.0997   	-82.446281  	-6.611267   	-21.510620  	224.937500  
 788  	46.1584   	-82.590027  	-6.353271   	-21.375122  	506.937500  
 789  	46.2170   	-82.518127  	-5.579224   	-20.900879  	507.937500  
 790  	46.2757   	-82.086906  	-6.417725   	-20.697632  	251.062500  
 791  	46.3343   	-82.877502  	-5.643738   	-21.104126  	183.812500  
 792  	46.3930   	-83.452507  	-6.611267   	-21.036377  	448.812500  
 793  	46.4516   	-83.308769  	-6.030762   	-20.900879  	545.062500  
 794  	46.5103   	-83.596245  	-6.353271   	-20.765381  	295.562500  
 795  	46.5689   	-84.171257  	-5.901733   	-20.968628  	178.437500  
 796  	46.6276   	-84.386894  	-5.708252   	-21.442871  	380.062500  
 797  	46.6862   	-84.171257  	-5.385742   	-20.900879  	572.812500  
 798  	46.7449   	-82.661858  	-5.643738   	-21.036377  	364.687500  
 799  	46.8035   	-82.877502  	-6.030762   	-20.900879  	158.312500  
 800  	46.8622   	-81.511894  	-5.708252   	-20.697632  	323.562500  
 801  	46.9208   	-81.080620  	-5.450256   	-19.884644  	543.062500  
 802  	46.9795   	-79.858765  	-5.514771   	-20.765381  	445.812500  
 803  	47.0381   	-78.565002  	-5.708252   	-21.171875  	175.062500  
 804  	47.0968   	-71.161865  	-4.934265   	-21.307373  	268.937500  
 805  	47.1554   	-63.974358  	-5.192261   	-20.833130  	506.562500  
 806  	47.2141   	-58.368156  	-5.063232   	-21.036377  	500.062500  
 807  	47.2727   	-54.918152  	-5.514771   	-21.239624  	220.437500  
 808  	47.3314   	-54.486874  	-5.966248   	-21.307373  	213.937500  
 809  	47.3900   	-56.283745  	-6.546753   	-22.052612  	470.187500  
 810  	47.4487   	-58.439999  	-6.740234   	-21.578369  	537.687500  
 811  	47.5073   	-60.236877  	-6.353271   	-21.442871  	284.687500  
 812  	47.5660   	-62.249390  	-6.288757   	-20.629883  	173.812500  
 813  	47.6246   	-64.621277  	-5.579224   	-20.426636  	429.687500  
 814  	47.6833   	-65.627495  	-5.450256   	-20.697632  	566.562500  
 815  	47.7419   	-67.352531  	-5.450256   	-20.765381  	345.687500  
 816  	47.8006   	-68.718132  	-5.321228   	-20.155640  	167.437500  
 817  	47.8592   	-69.939995  	-6.095276   	-20.900879  	358.312500  
 818  	47.9179   	-71.161865  	-6.030762   	-21.036377  	571.812500  
 819  	47.9765   	-73.030632  	-5.450256   	-20.697632  	408.187500  
 820  	48.0352   	-74.540039  	-6.675720   	-20.426636  	-45.312500  
 821  	48.0938   	-74.827515  	-6.224243   	-20.562134  	12.937500   
 822  	48.1525   	-75.186890  	-5.772766   	-21.375122  	294.187500  
 823  	48.2111   	-74.971245  	-5.708252   	-21.510620  	487.437500  
 824  	48.2698   	-76.336906  	-5.643738   	-21.171875  	310.687500  
 825  	48.3284   	-76.624382  	-6.417725   	-21.104126  	129.937500  
 826  	48.3871   	-77.199402  	-6.417725   	-21.646118  	335.312500  
 827  	48.4457   	-77.486877  	-6.353271   	-21.239624  	552.562500  
 828  	48.5044   	-78.565002  	-6.224243   	-21.036377  	420.687500  
 829  	48.5630   	-79.930664  	-6.482239   	-20.765381  	191.312500  
 830  	48.6217   	-79.571289  	-6.030762   	-20.020142  	145.687500  
 831  	48.6804   	-79.427483  	-5.643738   	-20.629883  	452.062500  
 832  	48.7390   	-79.643120  	-5.901733   	-20.562134  	584.187500  
 833  	48.7977   	-79.571289  	-6.159729   	-20.697632  	297.062500  
 834  	48.8563   	-79.715019  	-5.450256   	-20.358887  	119.812500  
 835  	48.9150   	-80.146240  	-5.192261   	-20.629883  	388.062500  
 836  	48.9736   	-80.649414  	-5.966248   	-20.155640  	608.812500  
 837  	49.0323   	-80.649414  	-5.321228   	-20.426636  	385.687500  
 838  	49.0909   	-81.080620  	-5.837219   	-20.697632  	124.687500  
 839  	49.1496   	-81.439995  	-5.643738   	-21.171875  	299.687500  
 840  	49.2082   	-81.655632  	-5.321228   	-20.833130  	601.187500  
 841  	49.2669   	-80.864990  	-6.030762   	-20.765381  	471.562500  
 842  	49.3255   	-80.649414  	-6.353271   	-20.765381  	148.312500  
 843  	49.3842   	-80.936890  	-5.708252   	-21.104126  	241.312500  
 844  	49.4428   	-81.583733  	-5.579224   	-20.697632  	566.187500  
 845  	49.5015   	-82.015007  	-5.708252   	-20.900879  	531.812500  
 846  	49.5601   	-81.152519  	-5.901733   	-21.307373  	188.437500  
 847  	49.6188   	-82.230652  	-6.030762   	-21.578369  	168.312500  
 848  	49.6774   	-82.015007  	-5.772766   	-21.578369  	494.937500  
 849  	49.7361   	-81.224365  	-5.772766   	-21.104126  	589.687500  
 850  	49.7947   	-81.224365  	-5.063232   	-20.426636  	273.812500  
 851  	49.8534   	-81.080620  	-4.869751   	-20.765381  	135.687500  
 852  	49.9120   	-81.080620  	-5.321228   	-20.900879  	429.312500  
 853  	49.9707   	-81.296257  	-5.579224   	-21.036377  	611.437500  
 854  	50.0293   	-81.583733  	-5.063232   	-20.629883  	354.437500  
 855  	50.0880   	-82.302483  	-5.385742   	-20.562134  	113.937500  
 856  	50.1466   	-82.374382  	-5.385742   	-20.900879  	335.687500  
 857  	50.2053   	-83.021233  	-5.450256   	-20.629883  	600.937500  
 858  	50.2639   	-82.661858  	-4.934265   	-21.104126  	431.562500  
 859  	50.3226   	-82.661858  	-5.514771   	-21.036377  	134.312500  
 860  	50.3812   	-82.446281  	-5.643738   	-20.833130  	253.562500  
 861  	50.4399   	-82.661858  	-5.192261   	-21.171875  	567.437500  
 862  	50.4985   	-81.799370  	-5.256775   	-21.510620  	503.312500  
 863  	50.5572   	-83.093132  	-5.063232   	-21.510620  	174.812500  
 864  	50.6158   	-83.093132  	-5.579224   	-21.375122  	186.312500  
 865  	50.6745   	-83.380608  	-5.321228   	-21.307373  	528.687500  
 866  	50.7331   	-83.668144  	-5.127747   	-20.833130  	568.312500  
 867  	50.7918   	-83.668144  	-5.385742   	-20.494385  	220.062500  
 868  	50.8504   	-83.668144  	-5.579224   	-20.765381  	133.062500  
 869  	50.9091   	-82.733757  	-5.256775   	-20.968628  	449.437500  
 870  	50.9677   	-83.668144  	-5.450256   	-20.833130  	604.312500  
 871  	51.0264   	-83.236877  	-5.643738   	-21.036377  	316.812500  
 872  	51.0850   	-84.243164  	-5.837219   	-20.765381  	123.187500  
 873  	51.1437   	-84.314995  	-6.288757   	-21.307373  	377.187500  
 874  	51.2023   	-84.099358  	-5.772766   	-21.104126  	620.062500  
 875  	51.2610   	-84.746269  	-6.095276   	-21.442871  	403.062500  
 876  	51.3196   	-84.746269  	-6.675720   	-21.849365  	125.062500  
 877  	51.3783   	-85.321289  	-5.901733   	-20.833130  	296.062500  
 878  	51.4370   	-85.177490  	-5.643738   	-21.036377  	594.437500  
 879  	51.4956   	-84.961914  	-5.901733   	-21.171875  	491.687500  
 880  	51.5543   	-85.105644  	-6.546753   	-21.781616  	157.062500  
 881  	51.6129   	-84.386894  	-6.417725   	-21.781616  	219.687500  
 882  	51.6716   	-84.530640  	-5.385742   	-21.307373  	539.687500  
 883  	51.7302   	-83.739983  	-5.192261   	-21.442871  	538.312500  
 884  	51.7889   	-83.380608  	-5.256775   	-21.578369  	207.812500  
 885  	51.8475   	-83.093132  	-5.256775   	-21.307373  	155.687500  
 886  	51.9062   	-82.733757  	-6.224243   	-21.442871  	478.812500  
 887  	51.9648   	-83.452507  	-5.450256   	-21.578369  	579.687500  
 888  	52.0235   	-82.949402  	-5.643738   	-21.442871  	-3.812500   
 889  	52.0821   	-82.733757  	-5.901733   	-21.849365  	-7.687500   
 890  	52.1408   	-82.949402  	-5.385742   	-22.391357  	133.937500  
 891  	52.1994   	-84.099358  	-5.579224   	-22.323608  	464.437500  
 892  	52.2581   	-84.171257  	-5.256775   	-21.578369  	516.812500  
 893  	52.3167   	-84.602539  	-5.643738   	-21.375122  	204.187500  
 894  	52.3754   	-84.674370  	-5.579224   	-21.510620  	142.437500  
 895  	52.4340   	-84.386894  	-5.127747   	-21.646118  	472.812500  
 896  	52.4927   	-84.961914  	-5.514771   	-21.171875  	596.562500  
 897  	52.5513   	-84.530640  	-5.127747   	-21.442871  	297.312500  
 898  	52.6100   	-84.027519  	-6.159729   	-21.713867  	122.312500  
 899  	52.6686   	-84.890015  	-5.837219   	-21.781616  	387.687500  
 900  	52.7273   	-84.818115  	-5.127747   	-21.578369  	609.562500  
 901  	52.7859   	-85.033745  	-5.321228   	-22.052612  	382.562500  
 902  	52.8446   	-85.105644  	-5.772766   	-21.713867  	119.187500  
 903  	52.9032   	-85.177490  	-5.837219   	-21.307373  	322.937500  
 904  	52.9619   	-84.530640  	-5.450256   	-20.968628  	610.062500  
 905  	53.0205   	-83.739983  	-6.030762   	-20.358887  	460.687500  
 906  	53.0792   	-84.530640  	-6.417725   	-21.375122  	149.562500  
 907  	53.1378   	-84.314995  	-6.933777   	-21.239624  	234.187500  
 908  	53.1965   	-84.171257  	-6.675720   	-21.442871  	563.562500  
 909  	53.2551   	-84.961914  	-6.288757   	-21.375122  	537.187500  
 910  	53.3138   	-84.314995  	-6.611267   	-21.578369  	198.437500  
 911  	53.3724   	-85.393120  	-6.224243   	-21.713867  	190.437500  
 912  	53.4311   	-86.040031  	-5.708252   	-21.307373  	513.312500  
 913  	53.4897   	-85.177490  	-5.256775   	-21.849365  	581.062500  
 914  	53.5484   	-85.033745  	-5.772766   	-22.120361  	259.562500  
 915  	53.6070   	-84.674370  	-5.450256   	-21.713867  	134.687500  
 916  	53.6657   	-84.171257  	-5.385742   	-21.713867  	423.562500  
 917  	53.7243   	-84.458733  	-5.385742   	-21.104126  	608.562500  
 918  	53.7830   	-84.243164  	-5.063232   	-20.968628  	344.562500  
 919  	53.8416   	-84.027519  	-5.256775   	-21.171875  	119.687500  
 920  	53.9003   	-83.093132  	-6.159729   	-21.104126  	348.062500  
 921  	53.9589   	-84.099358  	-5.385742   	-20.968628  	602.312500  
 922  	54.0176   	-85.393120  	-5.385742   	-21.036377  	413.937500  
 923  	54.0762   	-84.746269  	-5.643738   	-21.510620  	120.187500  
 924  	54.1349   	-85.896240  	-5.643738   	-21.578369  	257.437500  
 925  	54.1935   	-85.752495  	-5.385742   	-21.578369  	577.312500  
 926  	54.2522   	-85.465019  	-5.643738   	-22.526855  	504.062500  
 927  	54.3109   	-85.680656  	-4.676270   	-21.781616  	170.437500  
 928  	54.3695   	-85.752495  	-5.063232   	-21.375122  	189.187500  
 929  	54.4282   	-85.608765  	-4.418274   	-21.442871  	520.187500  
 930  	54.4868   	-84.818115  	-4.998779   	-21.307373  	554.187500  
 931  	54.5455   	-84.674370  	-5.450256   	-21.307373  	228.312500  
 932  	54.6041   	-84.386894  	-5.321228   	-20.629883  	135.312500  
 933  	54.6628   	-84.458733  	-5.514771   	-20.900879  	456.062500  
 934  	54.7214   	-84.171257  	-4.869751   	-20.358887  	599.562500  
 935  	54.7801   	-83.668144  	-5.063232   	-20.494385  	303.937500  
 936  	54.8387   	-83.093132  	-4.934265   	-19.884644  	122.562500  
 937  	54.8974   	-83.452507  	-4.740723   	-20.900879  	374.062500  
 938  	54.9560   	-84.099358  	-5.192261   	-21.171875  	610.187500  
 939  	55.0147   	-84.171257  	-5.901733   	-21.104126  	392.937500  
 940  	55.0733   	-84.386894  	-5.450256   	-21.171875  	126.062500  
 941  	55.1320   	-84.530640  	-6.095276   	-21.171875  	299.312500  
 942  	55.1906   	-85.249390  	-5.966248   	-20.765381  	594.437500  
 943  	55.2493   	-84.890015  	-5.901733   	-20.629883  	466.812500  
 944  	55.3079   	-85.824394  	-5.643738   	-21.036377  	147.687500  
 945  	55.3666   	-85.680656  	-5.901733   	-21.375122  	229.437500  
 946  	55.4252   	-85.393120  	-5.966248   	-21.646118  	559.812500  
 947  	55.4839   	-85.824394  	-6.546753   	-20.968628  	541.437500  
 948  	55.5425   	-85.033745  	-6.740234   	-21.036377  	201.062500  
 949  	55.6012   	-85.033745  	-6.546753   	-20.833130  	160.187500  
 950  	55.6598   	-84.243164  	-6.804749   	-21.036377  	493.062500  
 951  	55.7185   	-84.818115  	-6.740234   	-21.171875  	593.062500  
 952  	55.7771   	-84.602539  	-6.095276   	-20.697632  	274.312500  
 953  	55.8358   	-85.465019  	-6.546753   	-20.020142  	125.812500  
 954  	55.8944   	-86.111870  	-6.159729   	-20.629883  	413.562500  
 955  	55.9531   	-85.752495  	-5.643738   	-20.426636  	609.062500  
 956  	56.0117   	-85.680656  	-6.159729   	-20.900879  	72.562500   
 957  	56.0704   	-85.465019  	-6.546753   	-21.578369  	46.187500   
 958  	56.1290   	-84.530640  	-5.450256   	-21.713867  	87.187500   
 959  	56.1877   	-85.249390  	-5.901733   	-21.104126  	401.812500  
 960  	56.2463   	-84.746269  	-5.579224   	-21.578369  	502.812500  
 961  	56.3050   	-84.530640  	-5.772766   	-21.036377  	180.562500  
 962  	56.3636   	-84.099358  	-6.288757   	-20.968628  	172.687500  
 963  	56.4223   	-84.890015  	-5.837219   	-20.494385  	450.062500  
 964  	56.4809   	-85.033745  	-5.385742   	-21.307373  	565.687500  
 965  	56.5396   	-85.177490  	-5.385742   	-21.036377  	290.062500  
 966  	56.5982   	-86.040031  	-5.643738   	-20.494385  	142.437500  
 967  	56.6569   	-85.680656  	-5.966248   	-21.239624  	384.937500  
 968  	56.7155   	-85.824394  	-6.224243   	-21.510620  	582.562500  
 969  	56.7742   	-84.602539  	-5.514771   	-20.426636  	376.187500  
 970  	56.8328   	-85.033745  	-5.579224   	-20.900879  	137.812500  
 971  	56.8915   	-84.890015  	-5.321228   	-20.900879  	329.937500  
 972  	56.9501   	-84.530640  	-6.095276   	-20.155640  	574.312500  
 973  	57.0088   	-84.746269  	-5.321228   	-21.171875  	435.312500  
 974  	57.0674   	-84.314995  	-5.579224   	-20.968628  	157.437500  
 975  	57.1261   	-83.883789  	-5.579224   	-20.968628  	248.437500  
 976  	57.1848   	-83.236877  	-5.772766   	-20.629883  	543.812500  
 977  	57.2434   	-84.818115  	-5.901733   	-19.952393  	503.687500  
 978  	57.3021   	-84.099358  	-6.224243   	-20.697632  	209.187500  
 979  	57.3607   	-85.105644  	-6.353271   	-21.036377  	193.437500  
 980  	57.4194   	-84.746269  	-5.966248   	-21.510620  	498.812500  
 981  	57.4780   	-85.033745  	-5.127747   	-21.036377  	547.437500  
 982  	57.5367   	-84.746269  	-5.708252   	-20.494385  	256.187500  
 983  	57.5953   	-84.746269  	-5.579224   	-20.291138  	160.187500  
 984  	57.6540   	-83.668144  	-5.514771   	-20.697632  	420.187500  
 985  	57.7126   	-84.530640  	-5.837219   	-20.562134  	581.812500  
 986  	57.7713   	-84.027519  	-5.708252   	-21.646118  	330.187500  
 987  	57.8299   	-84.099358  	-5.708252   	-21.781616  	138.562500  
 988  	57.8886   	-84.386894  	-5.514771   	-21.646118  	344.937500  
 989  	57.9472   	-84.890015  	-5.901733   	-21.239624  	578.562500  
 990  	58.0059   	-84.602539  	-6.030762   	-21.239624  	424.812500  
 991  	58.0645   	-84.818115  	-5.772766   	-21.307373  	145.187500  
 992  	58.1232   	-84.171257  	-5.901733   	-21.510620  	281.437500  
 993  	58.1818   	-84.099358  	-5.385742   	-21.917114  	565.562500  
 994  	58.2405   	-84.314995  	-5.837219   	-21.036377  	489.312500  
 995  	58.2991   	-84.890015  	-5.321228   	-21.104126  	182.312500  
 996  	58.3578   	-84.099358  	-5.192261   	-20.968628  	218.562500  
 997  	58.4164   	-84.674370  	-5.966248   	-20.968628  	503.937500  
 998  	58.4751   	-84.818115  	-5.901733   	-20.494385  	542.812500  
 999  	58.5337   	-84.530640  	-5.966248   	-20.765381  	245.812500  
 1000 	58.5924   	-84.243164  	-6.159729   	-20.765381  	161.937500  
 1001 	58.6510   	-84.530640  	-5.837219   	-20.968628  	462.437500  
 1002 	58.7097   	-85.033745  	-6.030762   	-20.223389  	564.312500  
 1003 	58.7683   	-85.177490  	-6.095276   	-20.223389  	320.812500  
 1004 	58.8270   	-85.177490  	-6.030762   	-20.087891  	137.812500  
 1005 	58.8856   	-85.752495  	-6.353271   	-19.952393  	372.187500  
 1006 	58.9443   	-85.249390  	-5.966248   	-20.900879  	578.562500  
 1007 	59.0029   	-85.680656  	-6.611267   	-21.849365  	378.562500  
 1008 	59.0616   	-86.040031  	-6.417725   	-22.526855  	153.937500  
 1009 	59.1202   	-85.968132  	-6.159729   	-21.984863  	304.312500  
 1010 	59.1789   	-85.465019  	-6.546753   	-22.188110  	579.062500  
 1011 	59.2375   	-85.752495  	-6.030762   	-21.849365  	449.187500  
 1012 	59.2962   	-84.961914  	-6.611267   	-21.578369  	173.312500  
 1013 	59.3548   	-84.961914  	-6.933777   	-21.646118  	246.562500  
 1014 	59.4135   	-85.249390  	-6.288757   	-21.578369  	528.437500  
 1015 	59.4721   	-84.458733  	-5.772766   	-21.036377  	525.812500  
 1016 	59.5308   	-84.458733  	-5.643738   	-21.578369  	216.687500  
 1017 	59.5894   	-84.314995  	-5.966248   	-21.239624  	189.687500  
 1018 	59.6481   	-84.530640  	-6.159729   	-21.036377  	473.062500  
 1019 	59.7067   	-84.458733  	-5.837219   	-20.426636  	566.562500  
 1020 	59.7654   	-84.243164  	-6.095276   	-20.833130  	270.312500  
 1021 	59.8240   	-84.171257  	-5.966248   	-21.239624  	147.312500  
 1022 	59.8827   	-83.596245  	-6.224243   	-21.375122  	413.437500  
 1023 	59.9413   	-84.027519  	-5.321228   	-21.646118  	576.312500  
 1024 	60.0000   	-83.524406  	-5.772766   	-21.442871  	172.812500  

