
      	X(nS)     	Ch1(mV)      


 1    	0.0000    	-137.837158 
 2    	0.0587    	-137.405945 
 3    	0.1173    	-137.118408 
 4    	0.1760    	-137.837158 
 5    	0.2346    	-137.837158 
 6    	0.2933    	-137.118408 
 7    	0.3519    	-136.543457 
 8    	0.4106    	-137.334045 
 9    	0.4692    	-137.549683 
 10   	0.5279    	-138.699707 
 11   	0.5865    	-138.052795 
 12   	0.6452    	-137.621582 
 13   	0.7038    	-137.477783 
 14   	0.7625    	-138.412170 
 15   	0.8211    	-138.484070 
 16   	0.8798    	-138.052795 
 17   	0.9384    	-137.549683 
 18   	0.9971    	-138.268433 
 19   	1.0557    	-138.340332 
 20   	1.1144    	-138.196533 
 21   	1.1730    	-137.262207 
 22   	1.2317    	-137.405945 
 23   	1.2903    	-137.477783 
 24   	1.3490    	-137.262207 
 25   	1.4076    	-137.980957 
 26   	1.4663    	-138.771545 
 27   	1.5249    	-137.621582 
 28   	1.5836    	-137.549683 
 29   	1.6422    	-137.190308 
 30   	1.7009    	-137.405945 
 31   	1.7595    	-136.759033 
 32   	1.8182    	-137.621582 
 33   	1.8768    	-137.837158 
 34   	1.9355    	-137.334045 
 35   	1.9941    	-137.909058 
 36   	2.0528    	-138.555908 
 37   	2.1114    	-138.484070 
 38   	2.1701    	-138.340332 
 39   	2.2287    	-138.843430 
 40   	2.2874    	-138.124695 
 41   	2.3460    	-136.974655 
 42   	2.4047    	-137.334045 
 43   	2.4633    	-137.980957 
 44   	2.5220    	-138.555908 
 45   	2.5806    	-138.268433 
 46   	2.6393    	-138.268433 
 47   	2.6979    	-138.340332 
 48   	2.7566    	-137.693420 
 49   	2.8152    	-138.268433 
 50   	2.8739    	-138.699707 
 51   	2.9326    	-138.052795 
 52   	2.9912    	-138.124695 
 53   	3.0499    	-138.627808 
 54   	3.1085    	-137.909058 
 55   	3.1672    	-137.334045 
 56   	3.2258    	-137.405945 
 57   	3.2845    	-137.621582 
 58   	3.3431    	-137.837158 
 59   	3.4018    	-137.262207 
 60   	3.4604    	-137.118408 
 61   	3.5191    	-137.262207 
 62   	3.5777    	-136.830933 
 63   	3.6364    	-136.255920 
 64   	3.6950    	-137.118408 
 65   	3.7537    	-137.693420 
 66   	3.8123    	-136.974655 
 67   	3.8710    	-138.484070 
 68   	3.9296    	-137.980957 
 69   	3.9883    	-138.268433 
 70   	4.0469    	-137.549683 
 71   	4.1056    	-138.340332 
 72   	4.1642    	-137.765320 
 73   	4.2229    	-136.615295 
 74   	4.2815    	-136.184082 
 75   	4.3402    	-135.824707 
 76   	4.3988    	-136.615295 
 77   	4.4575    	-137.549683 
 78   	4.5161    	-137.405945 
 79   	4.5748    	-137.693420 
 80   	4.6334    	-138.052795 
 81   	4.6921    	-136.759033 
 82   	4.7507    	-136.902832 
 83   	4.8094    	-136.615295 
 84   	4.8680    	-137.334045 
 85   	4.9267    	-137.334045 
 86   	4.9853    	-137.621582 
 87   	5.0440    	-137.190308 
 88   	5.1026    	-136.759033 
 89   	5.1613    	-137.477783 
 90   	5.2199    	-136.759033 
 91   	5.2786    	-137.046570 
 92   	5.3372    	-138.412170 
 93   	5.3959    	-138.843430 
 94   	5.4545    	-138.771545 
 95   	5.5132    	-137.980957 
 96   	5.5718    	-137.046570 
 97   	5.6305    	-137.765320 
 98   	5.6891    	-138.340332 
 99   	5.7478    	-137.549683 
 100  	5.8065    	-137.693420 
 101  	5.8651    	-136.830933 
 102  	5.9238    	-136.327820 
 103  	5.9824    	-136.184082 
 104  	6.0411    	-135.537170 
 105  	6.0997    	-134.890320 
 106  	6.1584    	-135.105957 
 107  	6.2170    	-135.321533 
 108  	6.2757    	-134.962158 
 109  	6.3343    	-135.896545 
 110  	6.3930    	-135.824707 
 111  	6.4516    	-135.680908 
 112  	6.5103    	-135.680908 
 113  	6.5689    	-135.609055 
 114  	6.6276    	-135.896545 
 115  	6.6862    	-135.537170 
 116  	6.7449    	-134.890320 
 117  	6.8035    	-134.315308 
 118  	6.8622    	-135.249695 
 119  	6.9208    	-135.752808 
 120  	6.9795    	-135.968445 
 121  	7.0381    	-136.255920 
 122  	7.0968    	-136.327820 
 123  	7.1554    	-136.112183 
 124  	7.2141    	-135.680908 
 125  	7.2727    	-135.609055 
 126  	7.3314    	-136.255920 
 127  	7.3900    	-136.040283 
 128  	7.4487    	-134.602783 
 129  	7.5073    	-133.740280 
 130  	7.5660    	-133.237183 
 131  	7.6246    	-132.805908 
 132  	7.6833    	-132.590332 
 133  	7.7419    	-130.218445 
 134  	7.8006    	-128.421570 
 135  	7.8592    	-127.271538 
 136  	7.9179    	-125.690300 
 137  	7.9765    	-125.043457 
 138  	8.0352    	-124.612183 
 139  	8.0938    	-122.959045 
 140  	8.1525    	-117.999695 
 141  	8.2111    	-89.609070  
 142  	8.2698    	-65.890320  
 143  	8.3284    	-47.993408  
 144  	8.3871    	-35.055908  
 145  	8.4457    	-23.555906  
 146  	8.5044    	-15.721558  
 147  	8.5630    	-7.743408   
 148  	8.6217    	-3.287231   
 149  	8.6804    	-0.340332   
 150  	8.7390    	2.175293    
 151  	8.7977    	8.787842    
 152  	8.8563    	36.172241   
 153  	8.9150    	58.453487   
 154  	8.9736    	76.134644   
 155  	9.0323    	89.431519   
 156  	9.0909    	98.487785   
 157  	9.1496    	105.890991  
 158  	9.2082    	110.706543  
 159  	9.2669    	115.450317  
 160  	9.3255    	119.187866  
 161  	9.3842    	122.350342  
 162  	9.4428    	124.075310  
 163  	9.5015    	126.447144  
 164  	9.5601    	128.531616  
 165  	9.6188    	130.256592  
 166  	9.6774    	130.975342  
 167  	9.7361    	131.694092  
 168  	9.7947    	132.484741  
 169  	9.8534    	133.778442  
 170  	9.9120    	133.994019  
 171  	9.9707    	134.569092  
 172  	10.0293   	136.509644  
 173  	10.0880   	136.581543  
 174  	10.1466   	135.790894  
 175  	10.2053   	137.228394  
 176  	10.2639   	138.306519  
 177  	10.3226   	138.809692  
 178  	10.3812   	137.587769  
 179  	10.4399   	136.940918  
 180  	10.4985   	137.875366  
 181  	10.5572   	136.797241  
 182  	10.6158   	138.809692  
 183  	10.6745   	139.240967  
 184  	10.7331   	140.031616  
 185  	10.7918   	139.240967  
 186  	10.8504   	140.103394  
 187  	10.9091   	139.312866  
 188  	10.9677   	139.600342  
 189  	11.0264   	139.025269  
 190  	11.0850   	138.953491  
 191  	11.1437   	139.097168  
 192  	11.2023   	139.097168  
 193  	11.2610   	139.672241  
 194  	11.3196   	139.672241  
 195  	11.3783   	139.959717  
 196  	11.4370   	140.534668  
 197  	11.4956   	140.175293  
 198  	11.5543   	139.384644  
 199  	11.6129   	139.528442  
 200  	11.6716   	138.881592  
 201  	11.7302   	139.384644  
 202  	11.7889   	139.959717  
 203  	11.8475   	140.175293  
 204  	11.9062   	140.390991  
 205  	11.9648   	139.887817  
 206  	12.0235   	140.031616  
 207  	12.0821   	139.672241  
 208  	12.1408   	139.887817  
 209  	12.1994   	140.462769  
 210  	12.2581   	140.678467  
 211  	12.3167   	140.965942  
 212  	12.3754   	140.534668  
 213  	12.4340   	141.469116  
 214  	12.4927   	141.900269  
 215  	12.5513   	141.684692  
 216  	12.6100   	140.606567  
 217  	12.6686   	141.756592  
 218  	12.7273   	141.756592  
 219  	12.7859   	141.684692  
 220  	12.8446   	141.756592  
 221  	12.9032   	142.044067  
 222  	12.9619   	142.619019  
 223  	13.0205   	142.978394  
 224  	13.0792   	142.547241  
 225  	13.1378   	142.547241  
 226  	13.1965   	142.259644  
 227  	13.2551   	141.756592  
 228  	13.3138   	141.109741  
 229  	13.3724   	140.894043  
 230  	13.4311   	141.253418  
 231  	13.4897   	141.900269  
 232  	13.5484   	141.397217  
 233  	13.6070   	140.678467  
 234  	13.6657   	141.756592  
 235  	13.7243   	141.397217  
 236  	13.7830   	141.397217  
 237  	13.8416   	141.612793  
 238  	13.9003   	142.978394  
 239  	13.9589   	141.900269  
 240  	14.0176   	140.750366  
 241  	14.0762   	140.247192  
 242  	14.1349   	140.534668  
 243  	14.1935   	141.469116  
 244  	14.2522   	140.822144  
 245  	14.3109   	140.247192  
 246  	14.3695   	140.462769  
 247  	14.4282   	140.822144  
 248  	14.4868   	140.175293  
 249  	14.5455   	140.822144  
 250  	14.6041   	139.600342  
 251  	14.6628   	139.097168  
 252  	14.7214   	138.881592  
 253  	14.7801   	139.384644  
 254  	14.8387   	139.169067  
 255  	14.8974   	138.306519  
 256  	14.9560   	138.090942  
 257  	15.0147   	137.803467  
 258  	15.0733   	136.365967  
 259  	15.1320   	136.294067  
 260  	15.1906   	134.928467  
 261  	15.2493   	133.994019  
 262  	15.3079   	134.784668  
 263  	15.3666   	133.778442  
 264  	15.4252   	133.275269  
 265  	15.4839   	135.000366  
 266  	15.5425   	133.778442  
 267  	15.6012   	133.131592  
 268  	15.6598   	132.269043  
 269  	15.7185   	132.484741  
 270  	15.7771   	132.197144  
 271  	15.8358   	130.759644  
 272  	15.8944   	131.190918  
 273  	15.9531   	131.119019  
 274  	16.0117   	131.694092  
 275  	16.0704   	131.190918  
 276  	16.1290   	130.472168  
 277  	16.1877   	129.681519  
 278  	16.2463   	130.256592  
 279  	16.3050   	130.544067  
 280  	16.3636   	130.759644  
 281  	16.4223   	131.694092  
 282  	16.4809   	130.759644  
 283  	16.5396   	130.903442  
 284  	16.5982   	130.472168  
 285  	16.6569   	130.256592  
 286  	16.7155   	129.609741  
 287  	16.7742   	129.106567  
 288  	16.8328   	130.472168  
 289  	16.8915   	129.465942  
 290  	16.9501   	128.962769  
 291  	17.0088   	129.465942  
 292  	17.0674   	128.028442  
 293  	17.1261   	129.394043  
 294  	17.1848   	129.969101  
 295  	17.2434   	130.112793  
 296  	17.3021   	130.831543  
 297  	17.3607   	130.759644  
 298  	17.4194   	130.687866  
 299  	17.4780   	130.615967  
 300  	17.5367   	130.687866  
 301  	17.5953   	130.759644  
 302  	17.6540   	131.119019  
 303  	17.7126   	130.615967  
 304  	17.7713   	131.334702  
 305  	17.8299   	131.334702  
 306  	17.8886   	131.694092  
 307  	17.9472   	130.544067  
 308  	18.0059   	129.537842  
 309  	18.0645   	129.969101  
 310  	18.1232   	129.753418  
 311  	18.1818   	130.040894  
 312  	18.2405   	130.759644  
 313  	18.2991   	130.400269  
 314  	18.3578   	129.825317  
 315  	18.4164   	130.184692  
 316  	18.4751   	129.897217  
 317  	18.5337   	129.322144  
 318  	18.5924   	128.603394  
 319  	18.6510   	128.603394  
 320  	18.7097   	127.740959  
 321  	18.7683   	127.309685  
 322  	18.8270   	126.519043  
 323  	18.8856   	125.153442  
 324  	18.9443   	124.650269  
 325  	19.0029   	124.075310  
 326  	19.0616   	123.787842  
 327  	19.1202   	121.919067  
 328  	19.1789   	120.625366  
 329  	19.2375   	119.978394  
 330  	19.2962   	119.187866  
 331  	19.3548   	118.181519  
 332  	19.4135   	116.097160  
 333  	19.4721   	113.581543  
 334  	19.5308   	111.784668  
 335  	19.5894   	110.778442  
 336  	19.6481   	108.478394  
 337  	19.7067   	106.394035  
 338  	19.7654   	105.315918  
 339  	19.8240   	102.440918  
 340  	19.8827   	100.356560  
 341  	19.9413   	98.415894   
 342  	20.0000   	96.762810   
 343  	20.0587   	95.109741   
 344  	20.1173   	91.947144   
 345  	20.1760   	90.509636   
 346  	20.2346   	88.784668   
 347  	20.2933   	86.556519   
 348  	20.3519   	84.831543   
 349  	20.4106   	82.531616   
 350  	20.4692   	80.447144   
 351  	20.5279   	77.428467   
 352  	20.5865   	75.919067   
 353  	20.6452   	71.894043   
 354  	20.7038   	69.881592   
 355  	20.7625   	66.647217   
 356  	20.8211   	63.556519   
 357  	20.8798   	60.825317   
 358  	20.9384   	58.812866   
 359  	20.9971   	57.087769   
 360  	21.0557   	53.925293   
 361  	21.1144   	50.978390   
 362  	21.1730   	47.744015   
 363  	21.2317   	43.719112   
 364  	21.2903   	41.850338   
 365  	21.3490   	37.394043   
 366  	21.4076   	33.872192   
 367  	21.4663   	30.278440   
 368  	21.5249   	27.475342   
 369  	21.5836   	24.240967   
 370  	21.6422   	20.144043   
 371  	21.7009   	16.909668   
 372  	21.7595   	12.956542   
 373  	21.8182   	9.650269    
 374  	21.8768   	5.409668    
 375  	21.9355   	0.737793    
 376  	21.9941   	-2.784058   
 377  	22.0528   	-6.234009   
 378  	22.1114   	-9.109009   
 379  	22.1701   	-13.493408  
 380  	22.2287   	-17.230957  
 381  	22.2874   	-22.190308  
 382  	22.3460   	-25.927855  
 383  	22.4047   	-29.809082  
 384  	22.4633   	-32.971558  
 385  	22.5220   	-36.421509  
 386  	22.5806   	-40.159058  
 387  	22.6393   	-43.177856  
 388  	22.6979   	-48.280884  
 389  	22.7566   	-51.299683  
 390  	22.8152   	-53.815308  
 391  	22.8739   	-57.337158  
 392  	22.9326   	-59.421505  
 393  	22.9912   	-61.649658  
 394  	23.0499   	-64.309082  
 395  	23.1085   	-67.255920  
 396  	23.1672   	-69.987183  
 397  	23.2258   	-72.718445  
 398  	23.2845   	-75.880920  
 399  	23.3431   	-78.755920  
 400  	23.4018   	-80.552795  
 401  	23.4604   	-82.637207  
 402  	23.5191   	-84.577820  
 403  	23.5777   	-86.877808  
 404  	23.6364   	-88.746582  
 405  	23.6950   	-91.262207  
 406  	23.7537   	-94.280945  
 407  	23.8123   	-96.293457  
 408  	23.8710   	-98.665283  
 409  	23.9296   	-101.324699 
 410  	23.9883   	-104.055901 
 411  	24.0469   	-105.349670 
 412  	24.1056   	-107.505913 
 413  	24.1642   	-110.668457 
 414  	24.2229   	-111.315308 
 415  	24.2815   	-113.543457 
 416  	24.3402   	-115.340332 
 417  	24.3988   	-116.202812 
 418  	24.4575   	-117.280945 
 419  	24.5161   	-119.005913 
 420  	24.5748   	-120.443413 
 421  	24.6334   	-122.312187 
 422  	24.6921   	-124.180908 
 423  	24.7507   	-125.977783 
 424  	24.8094   	-127.415283 
 425  	24.8680   	-127.487183 
 426  	24.9267   	-128.062195 
 427  	24.9853   	-130.146545 
 428  	25.0440   	-130.290283 
 429  	25.1026   	-130.793457 
 430  	25.1613   	-131.440308 
 431  	25.2199   	-132.662170 
 432  	25.2786   	-133.093445 
 433  	25.3372   	-132.662170 
 434  	25.3959   	-134.243408 
 435  	25.4545   	-135.249695 
 436  	25.5132   	-136.687195 
 437  	25.5718   	-135.968445 
 438  	25.6305   	-137.980957 
 439  	25.6891   	-137.980957 
 440  	25.7478   	-138.699707 
 441  	25.8065   	-139.202820 
 442  	25.8651   	-140.352783 
 443  	25.9238   	-139.993408 
 444  	25.9824   	-140.855957 
 445  	26.0411   	-141.215332 
 446  	26.0997   	-140.424683 
 447  	26.1584   	-140.712158 
 448  	26.2170   	-141.143433 
 449  	26.2757   	-141.071533 
 450  	26.3343   	-140.855957 
 451  	26.3930   	-141.790283 
 452  	26.4516   	-142.293457 
 453  	26.5103   	-142.149658 
 454  	26.5689   	-142.580933 
 455  	26.6276   	-142.724670 
 456  	26.6862   	-142.005920 
 457  	26.7449   	-142.221558 
 458  	26.8035   	-143.299683 
 459  	26.8622   	-142.509033 
 460  	26.9208   	-143.084045 
 461  	26.9795   	-142.077805 
 462  	27.0381   	-142.365295 
 463  	27.0968   	-142.077805 
 464  	27.1554   	-142.149658 
 465  	27.2141   	-141.359070 
 466  	27.2727   	-141.143433 
 467  	27.3314   	-141.790283 
 468  	27.3900   	-141.287170 
 469  	27.4487   	-141.718445 
 470  	27.5073   	-142.221558 
 471  	27.5660   	-143.227783 
 472  	27.6246   	-143.012207 
 473  	27.6833   	-143.371582 
 474  	27.7419   	-143.659058 
 475  	27.8006   	-142.940308 
 476  	27.8592   	-143.084045 
 477  	27.9179   	-142.652832 
 478  	27.9765   	-142.868408 
 479  	28.0352   	-142.796570 
 480  	28.0938   	-142.365295 
 481  	28.1525   	-141.287170 
 482  	28.2111   	-141.215332 
 483  	28.2698   	-140.209030 
 484  	28.3284   	-141.934082 
 485  	28.3871   	-142.221558 
 486  	28.4457   	-142.509033 
 487  	28.5044   	-142.509033 
 488  	28.5630   	-142.652832 
 489  	28.6217   	-141.215332 
 490  	28.6804   	-140.209030 
 491  	28.7390   	-139.490295 
 492  	28.7977   	-139.634033 
 493  	28.8563   	-138.268433 
 494  	28.9150   	-137.262207 
 495  	28.9736   	-136.543457 
 496  	29.0323   	-135.105957 
 497  	29.0909   	-122.671562 
 498  	29.1496   	-113.399658 
 499  	29.2082   	-107.362183 
 500  	29.2669   	-106.715332 
 501  	29.3255   	-108.009033 
 502  	29.3842   	-109.159050 
 503  	29.4428   	-110.884026 
 504  	29.5015   	-113.830933 
 505  	29.5601   	-114.980957 
 506  	29.6188   	-116.705933 
 507  	29.6774   	-116.921570 
 508  	29.7361   	-106.571533 
 509  	29.7947   	-99.024658  
 510  	29.8534   	-95.646545  
 511  	29.9120   	-96.077820  
 512  	29.9707   	-98.809082  
 513  	30.0293   	-101.827820 
 514  	30.0880   	-106.068413 
 515  	30.1466   	-109.662170 
 516  	30.2053   	-112.321526 
 517  	30.2639   	-114.909058 
 518  	30.3226   	-118.287170 
 519  	30.3812   	-120.084045 
 520  	30.4399   	-122.599670 
 521  	30.4985   	-124.252808 
 522  	30.5572   	-125.187195 
 523  	30.6158   	-126.480957 
 524  	30.6745   	-128.637207 
 525  	30.7331   	-129.212158 
 526  	30.7918   	-129.499695 
 527  	30.8504   	-129.571533 
 528  	30.9091   	-130.362183 
 529  	30.9677   	-131.080933 
 530  	31.0264   	-130.937195 
 531  	31.0850   	-132.518433 
 532  	31.1437   	-133.237183 
 533  	31.2023   	-133.884033 
 534  	31.2610   	-134.459045 
 535  	31.3196   	-134.962158 
 536  	31.3783   	-135.609055 
 537  	31.4370   	-135.537170 
 538  	31.4956   	-135.680908 
 539  	31.5543   	-135.465332 
 540  	31.6129   	-135.752808 
 541  	31.6716   	-135.177795 
 542  	31.7302   	-135.896545 
 543  	31.7889   	-135.968445 
 544  	31.8475   	-135.824707 
 545  	31.9062   	-135.680908 
 546  	31.9648   	-136.902832 
 547  	32.0235   	-136.759033 
 548  	32.0821   	-137.334045 
 549  	32.1408   	-137.262207 
 550  	32.1994   	-137.621582 
 551  	32.2581   	-137.549683 
 552  	32.3167   	-136.902832 
 553  	32.3754   	-136.615295 
 554  	32.4340   	-136.327820 
 555  	32.4927   	-137.405945 
 556  	32.5513   	-137.621582 
 557  	32.6100   	-137.909058 
 558  	32.6686   	-137.909058 
 559  	32.7273   	-137.765320 
 560  	32.7859   	-138.340332 
 561  	32.8446   	-138.555908 
 562  	32.9032   	-137.693420 
 563  	32.9619   	-138.340332 
 564  	33.0205   	-137.909058 
 565  	33.0792   	-137.621582 
 566  	33.1378   	-137.190308 
 567  	33.1965   	-136.974655 
 568  	33.2551   	-136.687195 
 569  	33.3138   	-136.543457 
 570  	33.3724   	-136.902832 
 571  	33.4311   	-137.621582 
 572  	33.4897   	-138.555908 
 573  	33.5484   	-138.124695 
 574  	33.6070   	-138.052795 
 575  	33.6657   	-136.543457 
 576  	33.7243   	-137.046570 
 577  	33.7830   	-137.477783 
 578  	33.8416   	-137.980957 
 579  	33.9003   	-137.980957 
 580  	33.9589   	-138.484070 
 581  	34.0176   	-138.771545 
 582  	34.0762   	-139.059082 
 583  	34.1349   	-138.987183 
 584  	34.1935   	-138.124695 
 585  	34.2522   	-139.059082 
 586  	34.3109   	-138.555908 
 587  	34.3695   	-137.693420 
 588  	34.4282   	-137.549683 
 589  	34.4868   	-137.118408 
 590  	34.5455   	-137.405945 
 591  	34.6041   	-137.909058 
 592  	34.6628   	-137.693420 
 593  	34.7214   	-138.412170 
 594  	34.7801   	-137.909058 
 595  	34.8387   	-137.621582 
 596  	34.8974   	-137.621582 
 597  	34.9560   	-137.980957 
 598  	35.0147   	-138.340332 
 599  	35.0733   	-137.693420 
 600  	35.1320   	-137.765320 
 601  	35.1906   	-138.340332 
 602  	35.2493   	-138.915283 
 603  	35.3079   	-138.771545 
 604  	35.3666   	-138.340332 
 605  	35.4252   	-138.412170 
 606  	35.4839   	-139.274658 
 607  	35.5425   	-137.693420 
 608  	35.6012   	-138.052795 
 609  	35.6598   	-138.052795 
 610  	35.7185   	-137.837158 
 611  	35.7771   	-137.262207 
 612  	35.8358   	-137.190308 
 613  	35.8944   	-138.412170 
 614  	35.9531   	-137.909058 
 615  	36.0117   	-138.196533 
 616  	36.0704   	-138.915283 
 617  	36.1290   	-139.346558 
 618  	36.1877   	-139.562195 
 619  	36.2463   	-138.699707 
 620  	36.3050   	-137.909058 
 621  	36.3636   	-137.549683 
 622  	36.4223   	-137.549683 
 623  	36.4809   	-137.693420 
 624  	36.5396   	-137.765320 
 625  	36.5982   	-137.909058 
 626  	36.6569   	-136.615295 
 627  	36.7155   	-137.046570 
 628  	36.7742   	-136.759033 
 629  	36.8328   	-137.549683 
 630  	36.8915   	-136.830933 
 631  	36.9501   	-136.615295 
 632  	37.0088   	-136.255920 
 633  	37.0674   	-136.902832 
 634  	37.1261   	-137.621582 
 635  	37.1848   	-138.412170 
 636  	37.2434   	-138.484070 
 637  	37.3021   	-138.555908 
 638  	37.3607   	-138.771545 
 639  	37.4194   	-138.627808 
 640  	37.4780   	-137.980957 
 641  	37.5367   	-138.268433 
 642  	37.5953   	-137.980957 
 643  	37.6540   	-138.268433 
 644  	37.7126   	-138.484070 
 645  	37.7713   	-139.130920 
 646  	37.8299   	-138.268433 
 647  	37.8886   	-138.412170 
 648  	37.9472   	-137.190308 
 649  	38.0059   	-137.334045 
 650  	38.0645   	-136.759033 
 651  	38.1232   	-136.687195 
 652  	38.1818   	-136.974655 
 653  	38.2405   	-136.902832 
 654  	38.2991   	-136.902832 
 655  	38.3578   	-137.549683 
 656  	38.4164   	-137.262207 
 657  	38.4751   	-136.184082 
 658  	38.5337   	-137.765320 
 659  	38.5924   	-137.765320 
 660  	38.6510   	-138.124695 
 661  	38.7097   	-138.484070 
 662  	38.7683   	-138.196533 
 663  	38.8270   	-138.555908 
 664  	38.8856   	-138.627808 
 665  	38.9443   	-139.059082 
 666  	39.0029   	-138.196533 
 667  	39.0616   	-137.765320 
 668  	39.1202   	-137.837158 
 669  	39.1789   	-136.902832 
 670  	39.2375   	-136.974655 
 671  	39.2962   	-137.405945 
 672  	39.3548   	-137.190308 
 673  	39.4135   	-136.687195 
 674  	39.4721   	-138.052795 
 675  	39.5308   	-137.693420 
 676  	39.5894   	-137.334045 
 677  	39.6481   	-138.196533 
 678  	39.7067   	-138.771545 
 679  	39.7654   	-138.987183 
 680  	39.8240   	-138.699707 
 681  	39.8827   	-138.843430 
 682  	39.9413   	-138.340332 
 683  	40.0000   	-139.130920 
 684  	40.0587   	-137.909058 
 685  	40.1173   	-137.980957 
 686  	40.1760   	-136.902832 
 687  	40.2346   	-137.621582 
 688  	40.2933   	-137.549683 
 689  	40.3519   	-137.118408 
 690  	40.4106   	-137.909058 
 691  	40.4692   	-137.837158 
 692  	40.5279   	-137.334045 
 693  	40.5865   	-138.627808 
 694  	40.6452   	-138.843430 
 695  	40.7038   	-138.196533 
 696  	40.7625   	-138.627808 
 697  	40.8211   	-137.693420 
 698  	40.8798   	-138.627808 
 699  	40.9384   	-138.412170 
 700  	40.9971   	-138.340332 
 701  	41.0557   	-137.190308 
 702  	41.1144   	-136.687195 
 703  	41.1730   	-136.543457 
 704  	41.2317   	-137.262207 
 705  	41.2903   	-136.615295 
 706  	41.3490   	-137.118408 
 707  	41.4076   	-136.974655 
 708  	41.4663   	-136.040283 
 709  	41.5249   	-136.255920 
 710  	41.5836   	-137.046570 
 711  	41.6422   	-137.980957 
 712  	41.7009   	-136.902832 
 713  	41.7595   	-137.046570 
 714  	41.8182   	-138.124695 
 715  	41.8768   	-137.837158 
 716  	41.9355   	-137.334045 
 717  	41.9941   	-137.693420 
 718  	42.0528   	-137.980957 
 719  	42.1114   	-137.046570 
 720  	42.1701   	-137.405945 
 721  	42.2287   	-137.909058 
 722  	42.2874   	-138.124695 
 723  	42.3460   	-138.196533 
 724  	42.4047   	-137.765320 
 725  	42.4633   	-137.621582 
 726  	42.5220   	-137.405945 
 727  	42.5806   	-137.837158 
 728  	42.6393   	-137.046570 
 729  	42.6979   	-137.837158 
 730  	42.7566   	-137.909058 
 731  	42.8152   	-138.340332 
 732  	42.8739   	-137.909058 
 733  	42.9326   	-138.484070 
 734  	42.9912   	-137.909058 
 735  	43.0499   	-137.837158 
 736  	43.1085   	-137.405945 
 737  	43.1672   	-137.477783 
 738  	43.2258   	-138.340332 
 739  	43.2845   	-137.693420 
 740  	43.3431   	-137.980957 
 741  	43.4018   	-138.196533 
 742  	43.4604   	-139.130920 
 743  	43.5191   	-138.987183 
 744  	43.5777   	-138.915283 
 745  	43.6364   	-138.915283 
 746  	43.6950   	-137.549683 
 747  	43.7537   	-137.693420 
 748  	43.8123   	-136.902832 
 749  	43.8710   	-136.759033 
 750  	43.9296   	-137.334045 
 751  	43.9883   	-137.262207 
 752  	44.0469   	-136.830933 
 753  	44.1056   	-137.334045 
 754  	44.1642   	-137.909058 
 755  	44.2229   	-137.909058 
 756  	44.2815   	-138.484070 
 757  	44.3402   	-137.765320 
 758  	44.3988   	-137.909058 
 759  	44.4575   	-138.771545 
 760  	44.5161   	-138.627808 
 761  	44.5748   	-138.268433 
 762  	44.6334   	-137.477783 
 763  	44.6921   	-138.052795 
 764  	44.7507   	-138.987183 
 765  	44.8094   	-139.130920 
 766  	44.8680   	-139.059082 
 767  	44.9267   	-138.484070 
 768  	44.9853   	-139.059082 
 769  	45.0440   	-137.765320 
 770  	45.1026   	-138.052795 
 771  	45.1613   	-138.052795 
 772  	45.2199   	-138.412170 
 773  	45.2786   	-137.477783 
 774  	45.3372   	-137.262207 
 775  	45.3959   	-137.621582 
 776  	45.4545   	-137.837158 
 777  	45.5132   	-137.837158 
 778  	45.5718   	-138.124695 
 779  	45.6305   	-138.915283 
 780  	45.6891   	-138.627808 
 781  	45.7478   	-138.412170 
 782  	45.8065   	-138.124695 
 783  	45.8651   	-138.268433 
 784  	45.9238   	-138.915283 
 785  	45.9824   	-139.130920 
 786  	46.0411   	-138.915283 
 787  	46.0997   	-138.268433 
 788  	46.1584   	-139.418457 
 789  	46.2170   	-138.484070 
 790  	46.2757   	-138.052795 
 791  	46.3343   	-138.268433 
 792  	46.3930   	-138.268433 
 793  	46.4516   	-138.412170 
 794  	46.5103   	-139.490295 
 795  	46.5689   	-138.699707 
 796  	46.6276   	-138.915283 
 797  	46.6862   	-138.915283 
 798  	46.7449   	-137.980957 
 799  	46.8035   	-137.909058 
 800  	46.8622   	-137.477783 
 801  	46.9208   	-137.980957 
 802  	46.9795   	-138.555908 
 803  	47.0381   	-139.274658 
 804  	47.0968   	-138.268433 
 805  	47.1554   	-138.843430 
 806  	47.2141   	-139.130920 
 807  	47.2727   	-138.196533 
 808  	47.3314   	-139.202820 
 809  	47.3900   	-139.274658 
 810  	47.4487   	-140.927795 
 811  	47.5073   	-140.065308 
 812  	47.5660   	-139.634033 
 813  	47.6246   	-139.130920 
 814  	47.6833   	-139.490295 
 815  	47.7419   	-140.209030 
 816  	47.8006   	-139.634033 
 817  	47.8592   	-140.137207 
 818  	47.9179   	-139.777832 
 819  	47.9765   	-140.568420 
 820  	48.0352   	-139.202820 
 821  	48.0938   	-139.490295 
 822  	48.1525   	-139.993408 
 823  	48.2111   	-139.634033 
 824  	48.2698   	-139.059082 
 825  	48.3284   	-138.915283 
 826  	48.3871   	-139.274658 
 827  	48.4457   	-139.418457 
 828  	48.5044   	-139.130920 
 829  	48.5630   	-140.496582 
 830  	48.6217   	-139.921570 
 831  	48.6804   	-139.418457 
 832  	48.7390   	-139.346558 
 833  	48.7977   	-140.352783 
 834  	48.8563   	-140.209030 
 835  	48.9150   	-140.280945 
 836  	48.9736   	-140.784058 
 837  	49.0323   	-139.562195 
 838  	49.0909   	-139.705933 
 839  	49.1496   	-138.987183 
 840  	49.2082   	-138.771545 
 841  	49.2669   	-139.490295 
 842  	49.3255   	-139.274658 
 843  	49.3842   	-139.274658 
 844  	49.4428   	-139.274658 
 845  	49.5015   	-139.993408 
 846  	49.5601   	-139.705933 
 847  	49.6188   	-139.130920 
 848  	49.6774   	-139.346558 
 849  	49.7361   	-138.843430 
 850  	49.7947   	-138.412170 
 851  	49.8534   	-137.765320 
 852  	49.9120   	-136.759033 
 853  	49.9707   	-136.902832 
 854  	50.0293   	-137.765320 
 855  	50.0880   	-138.484070 
 856  	50.1466   	-138.699707 
 857  	50.2053   	-137.980957 
 858  	50.2639   	-138.052795 
 859  	50.3226   	-137.190308 
 860  	50.3812   	-137.980957 
 861  	50.4399   	-138.052795 
 862  	50.4985   	-137.765320 
 863  	50.5572   	-137.549683 
 864  	50.6158   	-138.268433 
 865  	50.6745   	-138.196533 
 866  	50.7331   	-137.837158 
 867  	50.7918   	-138.196533 
 868  	50.8504   	-138.555908 
 869  	50.9091   	-138.340332 
 870  	50.9677   	-139.202820 
 871  	51.0264   	-138.052795 
 872  	51.0850   	-137.909058 
 873  	51.1437   	-137.909058 
 874  	51.2023   	-138.052795 
 875  	51.2610   	-138.052795 
 876  	51.3196   	-138.699707 
 877  	51.3783   	-138.915283 
 878  	51.4370   	-137.909058 
 879  	51.4956   	-138.412170 
 880  	51.5543   	-138.052795 
 881  	51.6129   	-137.549683 
 882  	51.6716   	-138.412170 
 883  	51.7302   	-138.412170 
 884  	51.7889   	-138.340332 
 885  	51.8475   	-139.130920 
 886  	51.9062   	-138.843430 
 887  	51.9648   	-139.921570 
 888  	52.0235   	-138.699707 
 889  	52.0821   	-139.274658 
 890  	52.1408   	-138.915283 
 891  	52.1994   	-139.059082 
 892  	52.2581   	-139.274658 
 893  	52.3167   	-138.699707 
 894  	52.3754   	-137.693420 
 895  	52.4340   	-137.549683 
 896  	52.4927   	-137.909058 
 897  	52.5513   	-138.771545 
 898  	52.6100   	-139.202820 
 899  	52.6686   	-138.627808 
 900  	52.7273   	-137.262207 
 901  	52.7859   	-138.412170 
 902  	52.8446   	-138.555908 
 903  	52.9032   	-137.549683 
 904  	52.9619   	-137.909058 
 905  	53.0205   	-138.196533 
 906  	53.0792   	-137.549683 
 907  	53.1378   	-138.268433 
 908  	53.1965   	-138.987183 
 909  	53.2551   	-138.771545 
 910  	53.3138   	-138.124695 
 911  	53.3724   	-138.627808 
 912  	53.4311   	-138.052795 
 913  	53.4897   	-138.699707 
 914  	53.5484   	-138.052795 
 915  	53.6070   	-138.268433 
 916  	53.6657   	-137.621582 
 917  	53.7243   	-138.340332 
 918  	53.7830   	-138.412170 
 919  	53.8416   	-137.334045 
 920  	53.9003   	-137.477783 
 921  	53.9589   	-137.621582 
 922  	54.0176   	-138.412170 
 923  	54.0762   	-138.412170 
 924  	54.1349   	-138.052795 
 925  	54.1935   	-137.477783 
 926  	54.2522   	-137.334045 
 927  	54.3109   	-136.830933 
 928  	54.3695   	-136.830933 
 929  	54.4282   	-136.902832 
 930  	54.4868   	-137.405945 
 931  	54.5455   	-137.980957 
 932  	54.6041   	-137.837158 
 933  	54.6628   	-137.980957 
 934  	54.7214   	-137.262207 
 935  	54.7801   	-138.124695 
 936  	54.8387   	-138.555908 
 937  	54.8974   	-138.412170 
 938  	54.9560   	-138.412170 
 939  	55.0147   	-138.412170 
 940  	55.0733   	-137.980957 
 941  	55.1320   	-138.555908 
 942  	55.1906   	-138.196533 
 943  	55.2493   	-138.627808 
 944  	55.3079   	-138.627808 
 945  	55.3666   	-138.484070 
 946  	55.4252   	-137.621582 
 947  	55.4839   	-139.130920 
 948  	55.5425   	-138.843430 
 949  	55.6012   	-138.699707 
 950  	55.6598   	-138.340332 
 951  	55.7185   	-138.412170 
 952  	55.7771   	-138.124695 
 953  	55.8358   	-138.484070 
 954  	55.8944   	-138.627808 
 955  	55.9531   	-138.771545 
 956  	56.0117   	-138.268433 
 957  	56.0704   	-137.405945 
 958  	56.1290   	-137.980957 
 959  	56.1877   	-137.837158 
 960  	56.2463   	-138.484070 
 961  	56.3050   	-138.124695 
 962  	56.3636   	-138.052795 
 963  	56.4223   	-137.118408 
 964  	56.4809   	-137.118408 
 965  	56.5396   	-136.974655 
 966  	56.5982   	-137.693420 
 967  	56.6569   	-138.052795 
 968  	56.7155   	-136.543457 
 969  	56.7742   	-136.974655 
 970  	56.8328   	-137.765320 
 971  	56.8915   	-137.549683 
 972  	56.9501   	-137.046570 
 973  	57.0088   	-137.334045 
 974  	57.0674   	-137.980957 
 975  	57.1261   	-138.843430 
 976  	57.1848   	-138.268433 
 977  	57.2434   	-138.124695 
 978  	57.3021   	-137.837158 
 979  	57.3607   	-137.477783 
 980  	57.4194   	-137.980957 
 981  	57.4780   	-137.405945 
 982  	57.5367   	-137.693420 
 983  	57.5953   	-137.549683 
 984  	57.6540   	-137.621582 
 985  	57.7126   	-137.190308 
 986  	57.7713   	-137.262207 
 987  	57.8299   	-136.759033 
 988  	57.8886   	-137.262207 
 989  	57.9472   	-136.687195 
 990  	58.0059   	-136.687195 
 991  	58.0645   	-137.549683 
 992  	58.1232   	-138.052795 
 993  	58.1818   	-137.909058 
 994  	58.2405   	-138.771545 
 995  	58.2991   	-138.124695 
 996  	58.3578   	-138.484070 
 997  	58.4164   	-137.837158 
 998  	58.4751   	-137.405945 
 999  	58.5337   	-136.830933 
 1000 	58.5924   	-137.334045 
 1001 	58.6510   	-137.621582 
 1002 	58.7097   	-137.477783 
 1003 	58.7683   	-136.974655 
 1004 	58.8270   	-137.837158 
 1005 	58.8856   	-137.765320 
 1006 	58.9443   	-137.477783 
 1007 	59.0029   	-137.477783 
 1008 	59.0616   	-137.621582 
 1009 	59.1202   	-137.980957 
 1010 	59.1789   	-138.052795 
 1011 	59.2375   	-138.052795 
 1012 	59.2962   	-137.262207 
 1013 	59.3548   	-137.118408 
 1014 	59.4135   	-137.909058 
 1015 	59.4721   	-138.268433 
 1016 	59.5308   	-138.555908 
 1017 	59.5894   	-138.412170 
 1018 	59.6481   	-138.915283 
 1019 	59.7067   	-138.699707 
 1020 	59.7654   	-139.130920 
 1021 	59.8240   	-138.555908 
 1022 	59.8827   	-138.771545 
 1023 	59.9413   	-138.340332 
 1024 	60.0000   	-138.484070 

