
      	X(nS)     	Ch1(mV)      


 1    	0.0000    	-1.929932   
 2    	0.0587    	-1.881653   
 3    	0.1173    	-1.862549   
 4    	0.1760    	-1.801330   
 5    	0.2346    	-1.854675   
 6    	0.2933    	-1.856933   
 7    	0.3519    	-1.830017   
 8    	0.4106    	-1.846863   
 9    	0.4692    	-1.827209   
 10   	0.5279    	-1.753601   
 11   	0.5865    	-1.745789   
 12   	0.6452    	-1.782288   
 13   	0.7038    	-1.779480   
 14   	0.7625    	-1.738464   
 15   	0.8211    	-1.763733   
 16   	0.8798    	-1.769348   
 17   	0.9384    	-1.790710   
 18   	0.9971    	-1.794067   
 19   	1.0557    	-1.815979   
 20   	1.1144    	-1.830566   
 21   	1.1730    	-1.744629   
 22   	1.2317    	-1.746887   
 23   	1.2903    	-1.690185   
 24   	1.3490    	-1.653137   
 25   	1.4076    	-1.628418   
 26   	1.4663    	-1.676147   
 27   	1.5249    	-1.681763   
 28   	1.5836    	-1.707581   
 29   	1.6422    	-1.654236   
 30   	1.7009    	-1.640198   
 31   	1.7595    	-1.706482   
 32   	1.8182    	-1.677795   
 33   	1.8768    	-1.623901   
 34   	1.9355    	-1.606506   
 35   	1.9941    	-1.617737   
 36   	2.0528    	-1.636292   
 37   	2.1114    	-1.599182   
 38   	2.1701    	-1.600342   
 39   	2.2287    	-1.663208   
 40   	2.2874    	-1.625061   
 41   	2.3460    	-1.675598   
 42   	2.4047    	-1.660950   
 43   	2.4633    	-1.646362   
 44   	2.5220    	-1.591919   
 45   	2.5806    	-1.576721   
 46   	2.6393    	-1.617737   
 47   	2.6979    	-1.613220   
 48   	2.7566    	-1.659851   
 49   	2.8152    	-1.615479   
 50   	2.8739    	-1.595276   
 51   	2.9326    	-1.526184   
 52   	2.9912    	-1.520020   
 53   	3.0499    	-1.521728   
 54   	3.1085    	-1.518372   
 55   	3.1672    	-1.508789   
 56   	3.2258    	-1.530701   
 57   	3.2845    	-1.526184   
 58   	3.3431    	-1.580139   
 59   	3.4018    	-1.603149   
 60   	3.4604    	-1.565491   
 61   	3.5191    	-1.505981   
 62   	3.5777    	-1.500366   
 63   	3.6364    	-1.426819   
 64   	3.6950    	-1.390869   
 65   	3.7537    	-1.431885   
 66   	3.8123    	-1.282532   
 67   	3.8710    	-1.388061   
 68   	3.9296    	-1.329102   
 69   	3.9883    	-1.353821   
 70   	4.0469    	-1.146606   
 71   	4.1056    	-1.100586   
 72   	4.1642    	-1.046692   
 73   	4.2229    	-0.980408   
 74   	4.2815    	-0.940552   
 75   	4.3402    	-0.904602   
 76   	4.3988    	-0.912476   
 77   	4.4575    	-0.823730   
 78   	4.5161    	-0.847351   
 79   	4.5748    	-0.915833   
 80   	4.6334    	-0.932129   
 81   	4.6921    	-0.861938   
 82   	4.7507    	-0.796814   
 83   	4.8094    	-0.778809   
 84   	4.8680    	-0.790039   
 85   	4.9267    	-0.681702   
 86   	4.9853    	-0.610352   
 87   	5.0440    	-0.503662   
 88   	5.1026    	-0.366638   
 89   	5.1613    	-0.234131   
 90   	5.2199    	0.012390    
 91   	5.2786    	0.287537    
 92   	5.3372    	0.797913    
 93   	5.3959    	1.230896    
 94   	5.4545    	1.877746    
 95   	5.5132    	2.839050    
 96   	5.5718    	4.385498    
 97   	5.6305    	6.317688    
 98   	5.6891    	8.173523    
 99   	5.7478    	9.281433    
 100  	5.8065    	9.953003    
 101  	5.8651    	10.939635   
 102  	5.9238    	13.555175   
 103  	5.9824    	32.653133   
 104  	6.0411    	58.783016   
 105  	6.0997    	77.388603   
 106  	6.1584    	91.643982   
 107  	6.2170    	102.000183  
 108  	6.2757    	109.435852  
 109  	6.3343    	115.245415  
 110  	6.3930    	119.331596  
 111  	6.4516    	122.360413  
 112  	6.5103    	124.895813  
 113  	6.5689    	126.986870  
 114  	6.6276    	128.803391  
 115  	6.6862    	129.882629  
 116  	6.7449    	130.929260  
 117  	6.8035    	131.691833  
 118  	6.8622    	132.244446  
 119  	6.9208    	132.860886  
 120  	6.9795    	133.318054  
 121  	7.0381    	133.849182  
 122  	7.0968    	134.312561  
 123  	7.1554    	134.440002  
 124  	7.2141    	134.685852  
 125  	7.2727    	135.195740  
 126  	7.3314    	135.667404  
 127  	7.3900    	136.197556  
 128  	7.4487    	136.739929  
 129  	7.5073    	137.226852  
 130  	7.5660    	137.294235  
 131  	7.6246    	137.321106  
 132  	7.6833    	137.559753  
 133  	7.7419    	137.839417  
 134  	7.8006    	137.952820  
 135  	7.8592    	138.288635  
 136  	7.9179    	138.410461  
 137  	7.9765    	138.438522  
 138  	8.0352    	138.509338  
 139  	8.0938    	138.552063  
 140  	8.1525    	138.616501  
 141  	8.2111    	138.818665  
 142  	8.2698    	138.904602  
 143  	8.3284    	138.999573  
 144  	8.3871    	139.173035  
 145  	8.4457    	139.343201  
 146  	8.5044    	139.270203  
 147  	8.5630    	139.039368  
 148  	8.6217    	138.853577  
 149  	8.6804    	138.673889  
 150  	8.7390    	138.568909  
 151  	8.7977    	138.565979  
 152  	8.8563    	138.482361  
 153  	8.9150    	138.479553  
 154  	8.9736    	138.507629  
 155  	9.0323    	138.467834  
 156  	9.0909    	138.584045  
 157  	9.1496    	138.706360  
 158  	9.2082    	138.707581  
 159  	9.2669    	138.803024  
 160  	9.3255    	138.947327  
 161  	9.3842    	139.159485  
 162  	9.4428    	139.248840  
 163  	9.5015    	139.262268  
 164  	9.5601    	139.308395  
 165  	9.6188    	139.306091  
 166  	9.6774    	139.388733  
 167  	9.7361    	139.460495  
 168  	9.7947    	139.445374  
 169  	9.8534    	139.561096  
 170  	9.9120    	139.754684  
 171  	9.9707    	139.837326  
 172  	10.0293   	139.983322  
 173  	10.0880   	140.029831  
 174  	10.1466   	140.104065  
 175  	10.2053   	140.080994  
 176  	10.2639   	140.128235  
 177  	10.3226   	140.046204  
 178  	10.3812   	140.078186  
 179  	10.4399   	140.029831  
 180  	10.4985   	140.033264  
 181  	10.5572   	140.017639  
 182  	10.6158   	139.914230  
 183  	10.6745   	139.911926  
 184  	10.7331   	139.830002  
 185  	10.7918   	139.779480  
 186  	10.8504   	139.768234  
 187  	10.9091   	139.729553  
 188  	10.9677   	139.695251  
 189  	11.0264   	139.676086  
 190  	11.0850   	139.593079  
 191  	11.1437   	139.540833  
 192  	11.2023   	139.432434  
 193  	11.2610   	139.315720  
 194  	11.3196   	139.333069  
 195  	11.3783   	139.391403  
 196  	11.4370   	139.514465  
 197  	11.4956   	139.388733  
 198  	11.5543   	139.317917  
 199  	11.6129   	139.139938  
 200  	11.6716   	139.064621  
 201  	11.7302   	138.758118  
 202  	11.7889   	138.771545  
 203  	11.8475   	138.802429  
 204  	11.9062   	138.814743  
 205  	11.9648   	138.802429  
 206  	12.0235   	138.778870  
 207  	12.0821   	138.718201  
 208  	12.1408   	138.709778  
 209  	12.1994   	138.606506  
 210  	12.2581   	138.448654  
 211  	12.3167   	138.277878  
 212  	12.3754   	138.216736  
 213  	12.4340   	137.961838  
 214  	12.4927   	137.781052  
 215  	12.5513   	137.527771  
 216  	12.6100   	137.496399  
 217  	12.6686   	137.398621  
 218  	12.7273   	137.263840  
 219  	12.7859   	137.157761  
 220  	12.8446   	137.028015  
 221  	12.9032   	136.787170  
 222  	12.9619   	136.582687  
 223  	13.0205   	136.397995  
 224  	13.0792   	136.309875  
 225  	13.1378   	136.123962  
 226  	13.1965   	136.026794  
 227  	13.2551   	135.778137  
 228  	13.3138   	135.564758  
 229  	13.3724   	135.360291  
 230  	13.4311   	135.231750  
 231  	13.4897   	135.138489  
 232  	13.5484   	135.077209  
 233  	13.6070   	134.994202  
 234  	13.6657   	134.984680  
 235  	13.7243   	134.943054  
 236  	13.7830   	134.903748  
 237  	13.8416   	134.876770  
 238  	13.9003   	134.721252  
 239  	13.9589   	134.617981  
 240  	14.0176   	134.592102  
 241  	14.0762   	134.705002  
 242  	14.1349   	134.753845  
 243  	14.1935   	134.972839  
 244  	14.2522   	135.051437  
 245  	14.3109   	135.144577  
 246  	14.3695   	135.177307  
 247  	14.4282   	135.193542  
 248  	14.4868   	135.226608  
 249  	14.5455   	135.201355  
 250  	14.6041   	135.177780  
 251  	14.6628   	135.118225  
 252  	14.7214   	134.992981  
 253  	14.7801   	134.866150  
 254  	14.8387   	134.872375  
 255  	14.8974   	134.894226  
 256  	14.9560   	134.981262  
 257  	15.0147   	135.122131  
 258  	15.0733   	135.354065  
 259  	15.1320   	135.563049  
 260  	15.1906   	135.612961  
 261  	15.2493   	135.541672  
 262  	15.3079   	135.490540  
 263  	15.3666   	135.432190  
 264  	15.4252   	135.390686  
 265  	15.4839   	135.362610  
 266  	15.5425   	135.355759  
 267  	15.6012   	135.331604  
 268  	15.6598   	135.388977  
 269  	15.7185   	135.391174  
 270  	15.7771   	135.306458  
 271  	15.8358   	135.092468  
 272  	15.8944   	135.004211  
 273  	15.9531   	135.028366  
 274  	16.0117   	135.061569  
 275  	16.0704   	134.962708  
 276  	16.1290   	134.908264  
 277  	16.1877   	134.791428  
 278  	16.2463   	134.674606  
 279  	16.3050   	134.375900  
 280  	16.3636   	134.018860  
 281  	16.4223   	133.523010  
 282  	16.4809   	133.179871  
 283  	16.5396   	132.721741  
 284  	16.5982   	132.107361  
 285  	16.6569   	131.393127  
 286  	16.7155   	130.592346  
 287  	16.7742   	129.703415  
 288  	16.8328   	128.783737  
 289  	16.8915   	127.741508  
 290  	16.9501   	126.920586  
 291  	17.0088   	125.997368  
 292  	17.0674   	125.033875  
 293  	17.1261   	123.941216  
 294  	17.1848   	122.800102  
 295  	17.2434   	121.648979  
 296  	17.3021   	120.547913  
 297  	17.3607   	119.556206  
 298  	17.4194   	118.633598  
 299  	17.4780   	117.652641  
 300  	17.5367   	116.822693  
 301  	17.5953   	115.890556  
 302  	17.6540   	114.966362  
 303  	17.7126   	113.944389  
 304  	17.7713   	112.875175  
 305  	17.8299   	111.562309  
 306  	17.8886   	110.143982  
 307  	17.9472   	108.668762  
 308  	18.0059   	107.026428  
 309  	18.0645   	105.392387  
 310  	18.1232   	103.790825  
 311  	18.1818   	102.250542  
 312  	18.2405   	100.590141  
 313  	18.2991   	98.856743   
 314  	18.3578   	97.218803   
 315  	18.4164   	95.488213   
 316  	18.4751   	93.953552   
 317  	18.5337   	92.491264   
 318  	18.5924   	90.885307   
 319  	18.6510   	89.634819   
 320  	18.7097   	88.349541   
 321  	18.7683   	86.993958   
 322  	18.8270   	85.531799   
 323  	18.8856   	84.038757   
 324  	18.9443   	82.388977   
 325  	19.0029   	80.732483   
 326  	19.0616   	78.823792   
 327  	19.1202   	76.754700   
 328  	19.1789   	74.702820   
 329  	19.2375   	72.547668   
 330  	19.2962   	70.378479   
 331  	19.3548   	68.233452   
 332  	19.4135   	66.069397   
 333  	19.4721   	63.936214   
 334  	19.5308   	61.749569   
 335  	19.5894   	59.468079   
 336  	19.6481   	57.053036   
 337  	19.7067   	54.762512   
 338  	19.7654   	52.597347   
 339  	19.8240   	50.574764   
 340  	19.8827   	48.558289   
 341  	19.9413   	46.802425   
 342  	20.0000   	45.023010   
 343  	20.0587   	43.797665   
 344  	20.1173   	42.428162   
 345  	20.1760   	41.199524   
 346  	20.2346   	39.978210   
 347  	20.2933   	38.754696   
 348  	20.3519   	37.616512   
 349  	20.4106   	36.417542   
 350  	20.4692   	35.123840   
 351  	20.5279   	33.591488   
 352  	20.5865   	32.612183   
 353  	20.6452   	31.563780   
 354  	20.7038   	30.553650   
 355  	20.7625   	29.517639   
 356  	20.8211   	28.531006   
 357  	20.8798   	27.488281   
 358  	20.9384   	26.371399   
 359  	20.9971   	25.241638   
 360  	21.0557   	24.012449   
 361  	21.1144   	22.630552   
 362  	21.1730   	21.262085   
 363  	21.2317   	19.938049   
 364  	21.2903   	18.656616   
 365  	21.3490   	17.476868   
 366  	21.4076   	16.362793   
 367  	21.4663   	15.224059   
 368  	21.5249   	13.983643   
 369  	21.5836   	12.811707   
 370  	21.6422   	11.605591   
 371  	21.7009   	10.488708   
 372  	21.7595   	9.450989    
 373  	21.8182   	8.644103    
 374  	21.8768   	7.891663    
 375  	21.9355   	7.341370    
 376  	21.9941   	6.835998    
 377  	22.0528   	6.391296    
 378  	22.1114   	6.131287    
 379  	22.1701   	5.929688    
 380  	22.2287   	5.564148    
 381  	22.2874   	5.250793    
 382  	22.3460   	4.884705    
 383  	22.4047   	4.612366    
 384  	22.4633   	4.202454    
 385  	22.5220   	3.641479    
 386  	22.5806   	3.129944    
 387  	22.6393   	2.441528    
 388  	22.6979   	1.801941    
 389  	22.7566   	1.307251    
 390  	22.8152   	0.944519    
 391  	22.8739   	0.541870    
 392  	22.9326   	0.185303    
 393  	22.9912   	-0.272339   
 394  	23.0499   	-0.690125   
 395  	23.1085   	-1.023071   
 396  	23.1672   	-1.316772   
 397  	23.2258   	-1.601440   
 398  	23.2845   	-1.947327   
 399  	23.3431   	-2.269104   
 400  	23.4018   	-2.540894   
 401  	23.4604   	-2.981140   
 402  	23.5191   	-3.640320   
 403  	23.5777   	-4.498901   
 404  	23.6364   	-5.756165   
 405  	23.6950   	-7.385132   
 406  	23.7537   	-9.076477   
 407  	23.8123   	-10.444336  
 408  	23.8710   	-11.396667  
 409  	23.9296   	-12.236144  
 410  	23.9883   	-13.976868  
 411  	24.0469   	-17.914856  
 412  	24.1056   	-35.491089  
 413  	24.1642   	-53.180725  
 414  	24.2229   	-69.295898  
 415  	24.2815   	-82.317619  
 416  	24.3402   	-92.361633  
 417  	24.3988   	-100.114014 
 418  	24.4575   	-106.070061 
 419  	24.5161   	-110.980042 
 420  	24.5748   	-114.961235 
 421  	24.6334   	-118.484795 
 422  	24.6921   	-121.242424 
 423  	24.7507   	-123.614861 
 424  	24.8094   	-125.475761 
 425  	24.8680   	-126.930656 
 426  	24.9267   	-128.209778 
 427  	24.9853   	-129.210449 
 428  	25.0440   	-129.965149 
 429  	25.1026   	-130.679382 
 430  	25.1613   	-131.264450 
 431  	25.2199   	-131.930466 
 432  	25.2786   	-132.403244 
 433  	25.3372   	-133.029343 
 434  	25.3959   	-133.638062 
 435  	25.4545   	-134.150208 
 436  	25.5132   	-134.701599 
 437  	25.5718   	-135.475891 
 438  	25.6305   	-136.026794 
 439  	25.6891   	-136.373230 
 440  	25.7478   	-136.586060 
 441  	25.8065   	-136.937561 
 442  	25.8651   	-137.316040 
 443  	25.9238   	-137.674255 
 444  	25.9824   	-137.938766 
 445  	26.0411   	-138.211105 
 446  	26.0997   	-138.319519 
 447  	26.1584   	-138.253784 
 448  	26.2170   	-138.359299 
 449  	26.2757   	-138.477234 
 450  	26.3343   	-138.556458 
 451  	26.3930   	-138.611511 
 452  	26.4516   	-138.578918 
 453  	26.5103   	-138.256027 
 454  	26.5689   	-137.740524 
 455  	26.6276   	-136.919601 
 456  	26.6862   	-135.993103 
 457  	26.7449   	-135.034607 
 458  	26.8035   	-133.923889 
 459  	26.8622   	-130.093201 
 460  	26.9208   	-117.129265 
 461  	26.9795   	-109.975456 
 462  	27.0381   	-107.558098 
 463  	27.0968   	-107.880424 
 464  	27.1554   	-109.593071 
 465  	27.2141   	-112.081726 
 466  	27.2727   	-114.791687 
 467  	27.3314   	-117.608818 
 468  	27.3900   	-120.283379 
 469  	27.4487   	-122.674866 
 470  	27.5073   	-124.747986 
 471  	27.5660   	-126.686943 
 472  	27.6246   	-128.427124 
 473  	27.6833   	-129.994324 
 474  	27.7419   	-131.400925 
 475  	27.8006   	-132.552063 
 476  	27.8592   	-133.639221 
 477  	27.9179   	-134.396118 
 478  	27.9765   	-135.179993 
 479  	28.0352   	-135.852707 
 480  	28.0938   	-136.390686 
 481  	28.1525   	-137.051575 
 482  	28.2111   	-137.473267 
 483  	28.2698   	-137.794495 
 484  	28.3284   	-137.970215 
 485  	28.3871   	-138.134705 
 486  	28.4457   	-138.221741 
 487  	28.5044   	-138.473312 
 488  	28.5630   	-138.766418 
 489  	28.6217   	-139.108932 
 490  	28.6804   	-139.226868 
 491  	28.7390   	-139.475098 
 492  	28.7977   	-139.673264 
 493  	28.8563   	-139.728333 
 494  	28.9150   	-139.774338 
 495  	28.9736   	-139.815369 
 496  	29.0323   	-139.947327 
 497  	29.0909   	-140.130432 
 498  	29.1496   	-140.416809 
 499  	29.2082   	-140.711609 
 500  	29.2669   	-140.766602 
 501  	29.3255   	-140.698059 
 502  	29.3842   	-140.485840 
 503  	29.4428   	-140.400436 
 504  	29.5015   	-140.320190 
 505  	29.5601   	-140.179794 
 506  	29.6188   	-140.083801 
 507  	29.6774   	-140.018616 
 508  	29.7361   	-139.894592 
 509  	29.7947   	-139.755859 
 510  	29.8534   	-139.684006 
 511  	29.9120   	-139.630066 
 512  	29.9707   	-139.607056 
 513  	30.0293   	-139.726120 
 514  	30.0880   	-139.745773 
 515  	30.1466   	-139.759827 
 516  	30.2053   	-139.724976 
 517  	30.2639   	-139.667175 
 518  	30.3226   	-139.569992 
 519  	30.3812   	-139.452087 
 520  	30.4399   	-139.399292 
 521  	30.4985   	-139.300476 
 522  	30.5572   	-139.219055 
 523  	30.6158   	-139.144348 
 524  	30.6745   	-139.028671 
 525  	30.7331   	-138.888840 
 526  	30.7918   	-138.697372 
 527  	30.8504   	-138.606369 
 528  	30.9091   	-138.453125 
 529  	30.9677   	-138.343613 
 530  	31.0264   	-138.103821 
 531  	31.0850   	-137.892151 
 532  	31.1437   	-137.584396 
 533  	31.2023   	-137.468201 
 534  	31.2610   	-137.362610 
 535  	31.3196   	-137.254272 
 536  	31.3783   	-137.034119 
 537  	31.4370   	-136.944275 
 538  	31.4956   	-136.763474 
 539  	31.5543   	-136.634933 
 540  	31.6129   	-136.506897 
 541  	31.6716   	-136.383362 
 542  	31.7302   	-136.303024 
 543  	31.7889   	-136.200256 
 544  	31.8475   	-136.168884 
 545  	31.9062   	-136.112717 
 546  	31.9648   	-136.048645 
 547  	32.0235   	-135.926804 
 548  	32.0821   	-135.832443 
 549  	32.1408   	-135.843689 
 550  	32.1994   	-135.890930 
 551  	32.2581   	-135.940857 
 552  	32.3167   	-136.062668 
 553  	32.3754   	-136.082321 
 554  	32.4340   	-136.144104 
 555  	32.4927   	-136.098083 
 556  	32.5513   	-136.102585 
 557  	32.6100   	-136.075607 
 558  	32.6686   	-136.131210 
 559  	32.7273   	-136.160950 
 560  	32.7859   	-136.078430 
 561  	32.8446   	-136.240173 
 562  	32.9032   	-136.219910 
 563  	32.9619   	-136.236267 
 564  	33.0205   	-136.376648 
 565  	33.0792   	-136.512512 
 566  	33.1378   	-136.638245 
 567  	33.1965   	-136.787048 
 568  	33.2551   	-136.830872 
 569  	33.3138   	-137.019592 
 570  	33.3724   	-137.062790 
 571  	33.4311   	-137.085251 
 572  	33.4897   	-137.075119 
 573  	33.5484   	-137.007187 
 574  	33.6070   	-137.032471 
 575  	33.6657   	-136.913391 
 576  	33.7243   	-136.879211 
 577  	33.7830   	-136.849976 
 578  	33.8416   	-136.749451 
 579  	33.9003   	-136.588318 
 580  	33.9589   	-136.482727 
 581  	34.0176   	-136.310364 
 582  	34.0762   	-136.136841 
 583  	34.1349   	-136.139099 
 584  	34.1935   	-136.152527 
 585  	34.2522   	-136.086853 
 586  	34.3109   	-136.025696 
 587  	34.3695   	-135.867844 
 588  	34.4282   	-135.569153 
 589  	34.4868   	-135.219284 
 590  	34.5455   	-134.880188 
 591  	34.6041   	-134.528076 
 592  	34.6628   	-134.032776 
 593  	34.7214   	-133.551559 
 594  	34.7801   	-132.866516 
 595  	34.8387   	-132.079834 
 596  	34.8974   	-131.299866 
 597  	34.9560   	-130.399216 
 598  	35.0147   	-129.392395 
 599  	35.0733   	-128.623642 
 600  	35.1320   	-127.736450 
 601  	35.1906   	-126.653252 
 602  	35.2493   	-125.652641 
 603  	35.3079   	-124.537407 
 604  	35.3666   	-123.575554 
 605  	35.4252   	-122.436821 
 606  	35.4839   	-121.504089 
 607  	35.5425   	-120.590508 
 608  	35.6012   	-119.803772 
 609  	35.6598   	-119.029472 
 610  	35.7185   	-118.079399 
 611  	35.7771   	-117.110771 
 612  	35.8358   	-116.039360 
 613  	35.8944   	-114.931458 
 614  	35.9531   	-113.648369 
 615  	36.0117   	-112.245178 
 616  	36.0704   	-110.939629 
 617  	36.1290   	-109.783989 
 618  	36.1877   	-108.285828 
 619  	36.2463   	-106.776482 
 620  	36.3050   	-105.290092 
 621  	36.3636   	-103.825684 
 622  	36.4223   	-102.221367 
 623  	36.4809   	-100.699638 
 624  	36.5396   	-99.122375  
 625  	36.5982   	-97.520866  
 626  	36.6569   	-95.945251  
 627  	36.7155   	-94.549309  
 628  	36.7742   	-93.217346  
 629  	36.8328   	-91.899475  
 630  	36.8915   	-90.557434  
 631  	36.9501   	-89.022217  
 632  	37.0088   	-87.516235  
 633  	37.0674   	-85.994507  
 634  	37.1261   	-84.352600  
 635  	37.1848   	-82.584892  
 636  	37.2434   	-80.822319  
 637  	37.3021   	-78.863708  
 638  	37.3607   	-76.898926  
 639  	37.4194   	-74.790405  
 640  	37.4780   	-72.867737  
 641  	37.5367   	-70.887810  
 642  	37.5953   	-68.715881  
 643  	37.6540   	-66.726929  
 644  	37.7126   	-64.302307  
 645  	37.7713   	-62.166256  
 646  	37.8299   	-59.914547  
 647  	37.8886   	-57.757141  
 648  	37.9472   	-55.642452  
 649  	38.0059   	-53.849545  
 650  	38.0645   	-52.040833  
 651  	38.1232   	-50.224300  
 652  	38.1818   	-48.720028  
 653  	38.2405   	-47.224117  
 654  	38.2991   	-45.873657  
 655  	38.3578   	-44.641663  
 656  	38.4164   	-43.244019  
 657  	38.4751   	-41.976685  
 658  	38.5337   	-40.831173  
 659  	38.5924   	-39.676086  
 660  	38.6510   	-38.441341  
 661  	38.7097   	-37.295837  
 662  	38.7683   	-36.254761  
 663  	38.8270   	-35.160889  
 664  	38.8856   	-34.072079  
 665  	38.9443   	-32.975464  
 666  	39.0029   	-32.010193  
 667  	39.0616   	-30.770325  
 668  	39.1202   	-29.558044  
 669  	39.1789   	-28.401855  
 670  	39.2375   	-27.154724  
 671  	39.2962   	-25.953062  
 672  	39.3548   	-24.587950  
 673  	39.4135   	-23.342529  
 674  	39.4721   	-22.235168  
 675  	39.5308   	-20.902708  
 676  	39.5894   	-19.686462  
 677  	39.6481   	-18.552734  
 678  	39.7067   	-17.450439  
 679  	39.7654   	-16.308899  
 680  	39.8240   	-15.316650  
 681  	39.8827   	-14.337341  
 682  	39.9413   	-13.623656  
 683  	40.0000   	-12.769043  
 684  	40.0587   	-12.261962  
 685  	40.1173   	-11.778503  
 686  	40.1760   	-11.304016  
 687  	40.2346   	-11.044005  
 688  	40.2933   	-10.780701  
 689  	40.3519   	-10.477477  
 690  	40.4106   	-10.209044  
 691  	40.4692   	-9.807007   
 692  	40.5279   	-9.395934   
 693  	40.5865   	-8.949524   
 694  	40.6452   	-8.440796   
 695  	40.7038   	-7.804626   
 696  	40.7625   	-7.172302   
 697  	40.8211   	-6.616394   
 698  	40.8798   	-6.150330   
 699  	40.9384   	-5.622498   
 700  	40.9971   	-5.247437   
 701  	41.0557   	-4.862244   
 702  	41.1144   	-4.494995   
 703  	41.1730   	-4.223206   
 704  	41.2317   	-3.874511   
 705  	41.2903   	-3.660583   
 706  	41.3490   	-3.531433   
 707  	41.4076   	-3.311279   
 708  	41.4663   	-3.183838   
 709  	41.5249   	-2.942383   
 710  	41.5836   	-2.734619   
 711  	41.6422   	-2.488647   
 712  	41.7009   	-2.406677   
 713  	41.7595   	-2.275268   
 714  	41.8182   	-2.157348   
 715  	41.8768   	-2.075928   
 716  	41.9355   	-2.033813   
 717  	41.9941   	-1.934448   
 718  	42.0528   	-1.811462   
 719  	42.1114   	-1.969787   
 720  	42.1701   	-2.204529   
 721  	42.2287   	-2.171936   
 722  	42.2874   	-2.022034   
 723  	42.3460   	-1.877746   
 724  	42.4047   	-1.722717   
 725  	42.4633   	-1.590759   
 726  	42.5220   	-1.489685   
 727  	42.5806   	-1.467224   
 728  	42.6393   	-1.374023   
 729  	42.6979   	-1.258911   
 730  	42.7566   	-1.109009   
 731  	42.8152   	-0.910217   
 732  	42.8739   	-0.949524   
 733  	42.9326   	-0.730530   
 734  	42.9912   	-0.615967   
 735  	43.0499   	-0.667053   
 736  	43.1085   	-0.762512   
 737  	43.1672   	-0.840576   
 738  	43.2258   	-0.970276   
 739  	43.2845   	-1.045532   
 740  	43.3431   	-1.194336   
 741  	43.4018   	-1.296570   
 742  	43.4604   	-1.260620   
 743  	43.5191   	-1.271850   
 744  	43.5777   	-1.364502   
 745  	43.6364   	-1.445374   
 746  	43.6950   	-1.544189   
 747  	43.7537   	-1.575622   
 748  	43.8123   	-1.649170   
 749  	43.8710   	-1.772156   
 750  	43.9296   	-1.795166   
 751  	43.9883   	-1.837280   
 752  	44.0469   	-1.886719   
 753  	44.1056   	-1.849060   
 754  	44.1642   	-1.853027   
 755  	44.2229   	-1.889526   
 756  	44.2815   	-1.911987   
 757  	44.3402   	-2.000122   
 758  	44.3988   	-2.184326   
 759  	44.4575   	-2.356140   
 760  	44.5161   	-2.613342   
 761  	44.5748   	-2.953064   
 762  	44.6334   	-3.494934   
 763  	44.6921   	-4.168152   
 764  	44.7507   	-4.907715   
 765  	44.8094   	-5.552307   
 766  	44.8680   	-6.242431   
 767  	44.9267   	-7.197571   
 768  	44.9853   	-12.743225  
 769  	45.0440   	-20.403503  
 770  	45.1026   	-25.709900  
 771  	45.1613   	-28.671385  
 772  	45.2199   	-29.387878  
 773  	45.2786   	-28.804991  
 774  	45.3372   	-27.456787  
 775  	45.3959   	-25.724485  
 776  	45.4545   	-23.761414  
 777  	45.5132   	-21.943176  
 778  	45.5718   	-20.142395  
 779  	45.6305   	-18.520140  
 780  	45.6891   	-17.153381  
 781  	45.7478   	-15.722106  
 782  	45.8065   	-14.471557  
 783  	45.8651   	-13.322693  
 784  	45.9238   	-12.238952  
 785  	45.9824   	-11.360717  
 786  	46.0411   	-10.545959  
 787  	46.0997   	-10.004089  
 788  	46.1584   	-9.403808   
 789  	46.2170   	-8.884399   
 790  	46.2757   	-8.480651   
 791  	46.3343   	-8.033691   
 792  	46.3930   	-7.788330   
 793  	46.4516   	-7.485656   
 794  	46.5103   	-7.262756   
 795  	46.5689   	-7.112244   
 796  	46.6276   	-6.828125   
 797  	46.6862   	-6.619812   
 798  	46.7449   	-6.469849   
 799  	46.8035   	-6.235168   
 800  	46.8622   	-6.017273   
 801  	46.9208   	-6.000976   
 802  	46.9795   	-5.836487   
 803  	47.0381   	-5.802795   
 804  	47.0968   	-5.686523   
 805  	47.1554   	-5.574768   
 806  	47.2141   	-5.399597   
 807  	47.2727   	-5.075012   
 808  	47.3314   	-4.825134   
 809  	47.3900   	-4.705566   
 810  	47.4487   	-4.476990   
 811  	47.5073   	-4.260254   
 812  	47.5660   	-4.220398   
 813  	47.6246   	-3.945801   
 814  	47.6833   	-3.632507   
 815  	47.7419   	-3.511169   
 816  	47.8006   	-3.692566   
 817  	47.8592   	-3.881775   
 818  	47.9179   	-4.182190   
 819  	47.9765   	-4.448914   
 820  	48.0352   	-4.603333   
 821  	48.0938   	-4.655578   
 822  	48.1525   	-4.605042   
 823  	48.2111   	-4.677490   
 824  	48.2698   	-4.718445   
 825  	48.3284   	-4.831909   
 826  	48.3871   	-4.792053   
 827  	48.4457   	-4.888611   
 828  	48.5044   	-4.993042   
 829  	48.5630   	-4.973389   
 830  	48.6217   	-5.030090   
 831  	48.6804   	-5.062683   
 832  	48.7390   	-5.065490   
 833  	48.7977   	-5.036865   
 834  	48.8563   	-5.073364   
 835  	48.9150   	-5.044128   
 836  	48.9736   	-4.995300   
 837  	49.0323   	-5.029541   
 838  	49.0909   	-5.094116   
 839  	49.1496   	-5.033508   
 840  	49.2082   	-5.006531   
 841  	49.2669   	-5.001465   
 842  	49.3255   	-4.960510   
 843  	49.3842   	-4.942504   
 844  	49.4428   	-5.003174   
 845  	49.5015   	-5.126709   
 846  	49.5601   	-5.187316   
 847  	49.6188   	-5.209778   
 848  	49.6774   	-5.217102   
 849  	49.7361   	-5.237854   
 850  	49.7947   	-5.142395   
 851  	49.8534   	-5.271545   
 852  	49.9120   	-5.215393   
 853  	49.9707   	-5.381653   
 854  	50.0293   	-5.471497   
 855  	50.0880   	-5.461364   
 856  	50.1466   	-5.535461   
 857  	50.2053   	-5.422607   
 858  	50.2639   	-5.351867   
 859  	50.3226   	-5.166016   
 860  	50.3812   	-5.013855   
 861  	50.4399   	-4.997009   
 862  	50.4985   	-4.917786   
 863  	50.5572   	-5.009888   
 864  	50.6158   	-4.999816   
 865  	50.6745   	-4.883545   
 866  	50.7331   	-4.957703   
 867  	50.7918   	-4.936340   
 868  	50.8504   	-5.082336   
 869  	50.9091   	-5.020020   
 870  	50.9677   	-5.091308   
 871  	51.0264   	-5.123901   
 872  	51.0850   	-5.199158   
 873  	51.1437   	-5.159851   
 874  	51.2023   	-5.224975   
 875  	51.2610   	-5.267090   
 876  	51.3196   	-5.159851   
 877  	51.3783   	-5.126160   
 878  	51.4370   	-5.100891   
 879  	51.4956   	-5.095825   
 880  	51.5543   	-5.025634   
 881  	51.6129   	-5.144104   
 882  	51.6716   	-5.032897   
 883  	51.7302   	-5.066040   
 884  	51.7889   	-5.139038   
 885  	51.8475   	-5.131164   
 886  	51.9062   	-5.248535   
 887  	51.9648   	-5.252502   
 888  	52.0235   	-5.148620   
 889  	52.0821   	-5.183960   
 890  	52.1408   	-5.139587   
 891  	52.1994   	-5.216552   
 892  	52.2581   	-5.273803   
 893  	52.3167   	-5.230591   
 894  	52.3754   	-5.315918   
 895  	52.4340   	-5.363098   
 896  	52.4927   	-5.460266   
 897  	52.5513   	-5.404663   
 898  	52.6100   	-5.433288   
 899  	52.6686   	-5.472595   
 900  	52.7273   	-5.461364   
 901  	52.7859   	-5.547302   
 902  	52.8446   	-5.490540   
 903  	52.9032   	-5.548950   
 904  	52.9619   	-5.623657   
 905  	53.0205   	-5.584900   
 906  	53.0792   	-5.653992   
 907  	53.1378   	-5.629822   
 908  	53.1965   	-5.550659   
 909  	53.2551   	-5.548401   
 910  	53.3138   	-5.545593   
 911  	53.3724   	-5.541687   
 912  	53.4311   	-5.616882   
 913  	53.4897   	-5.602844   
 914  	53.5484   	-5.571960   
 915  	53.6070   	-5.645568   
 916  	53.6657   	-5.644409   
 917  	53.7243   	-5.721374   
 918  	53.7830   	-5.712341   
 919  	53.8416   	-5.757263   
 920  	53.9003   	-5.824646   
 921  	53.9589   	-5.817383   
 922  	54.0176   	-5.819030   
 923  	54.0762   	-5.732605   
 924  	54.1349   	-5.739868   
 925  	54.1935   	-5.765136   
 926  	54.2522   	-5.766846   
 927  	54.3109   	-5.760070   
 928  	54.3695   	-5.811767   
 929  	54.4282   	-5.806152   
 930  	54.4868   	-5.877441   
 931  	54.5455   	-5.862854   
 932  	54.6041   	-5.848816   
 933  	54.6628   	-5.868469   
 934  	54.7214   	-5.796021   
 935  	54.7801   	-5.793213   
 936  	54.8387   	-5.782531   
 937  	54.8974   	-5.711242   
 938  	54.9560   	-5.728637   
 939  	55.0147   	-5.621398   
 940  	55.0733   	-5.753356   
 941  	55.1320   	-5.730347   
 942  	55.1906   	-5.825256   
 943  	55.2493   	-5.788757   
 944  	55.3079   	-5.735413   
 945  	55.3666   	-5.687072   
 946  	55.4252   	-5.651184   
 947  	55.4839   	-5.639343   
 948  	55.5425   	-5.671936   
 949  	55.6012   	-5.626464   
 950  	55.6598   	-5.655090   
 951  	55.7185   	-5.657897   
 952  	55.7771   	-5.651733   
 953  	55.8358   	-5.741027   
 954  	55.8944   	-5.833679   
 955  	55.9531   	-5.761780   
 956  	56.0117   	-5.625305   
 957  	56.0704   	-5.654541   
 958  	56.1290   	-5.597839   
 959  	56.1877   	-5.634338   
 960  	56.2463   	-5.595031   
 961  	56.3050   	-5.625916   
 962  	56.3636   	-5.671936   
 963  	56.4223   	-5.618042   
 964  	56.4809   	-5.656189   
 965  	56.5396   	-5.686523   
 966  	56.5982   	-5.698303   
 967  	56.6569   	-5.616882   
 968  	56.7155   	-5.600647   
 969  	56.7742   	-5.528198   
 970  	56.8328   	-5.440612   
 971  	56.8915   	-5.409729   
 972  	56.9501   	-5.405762   
 973  	57.0088   	-5.437805   
 974  	57.0674   	-5.442261   
 975  	57.1261   	-5.490540   
 976  	57.1848   	-5.484924   
 977  	57.2434   	-5.510803   
 978  	57.3021   	-5.502380   
 979  	57.3607   	-5.501220   
 980  	57.4194   	-5.427673   
 981  	57.4780   	-5.348511   
 982  	57.5367   	-5.279968   
 983  	57.5953   	-5.265380   
 984  	57.6540   	-5.275513   
 985  	57.7126   	-5.199707   
 986  	57.7713   	-5.146912   
 987  	57.8299   	-5.146912   
 988  	57.8886   	-5.178894   
 989  	57.9472   	-5.103088   
 990  	58.0059   	-5.087952   
 991  	58.0645   	-5.145203   
 992  	58.1232   	-5.114929   
 993  	58.1818   	-5.106506   
 994  	58.2405   	-5.157593   
 995  	58.2991   	-5.078979   
 996  	58.3578   	-5.018310   
 997  	58.4164   	-5.063232   
 998  	58.4751   	-5.013244   
 999  	58.5337   	-4.981262   
 1000 	58.5924   	-4.984619   
 1001 	58.6510   	-4.899841   
 1002 	58.7097   	-4.987427   
 1003 	58.7683   	-4.828552   
 1004 	58.8270   	-4.829650   
 1005 	58.8856   	-4.711731   
 1006 	58.9443   	-4.643799   
 1007 	59.0029   	-4.649414   
 1008 	59.0616   	-4.680298   
 1009 	59.1202   	-4.684204   
 1010 	59.1789   	-4.731933   
 1011 	59.2375   	-4.689270   
 1012 	59.2962   	-4.711731   
 1013 	59.3548   	-4.721863   
 1014 	59.4135   	-4.630310   
 1015 	59.4721   	-4.629211   
 1016 	59.5308   	-4.553955   
 1017 	59.5894   	-4.449524   
 1018 	59.6481   	-4.428711   
 1019 	59.7067   	-4.387146   
 1020 	59.7654   	-4.407409   
 1021 	59.8240   	-4.410217   
 1022 	59.8827   	-4.443298   
 1023 	59.9413   	-4.395019   
 1024 	60.0000   	-4.362487   

