
      	X(nS)     	Ch1(mV)      


 1    	0.0000    	-0.061218   
 2    	0.0489    	0.026367    
 3    	0.0978    	0.111755    
 4    	0.1466    	0.217285    
 5    	0.1955    	0.230774    
 6    	0.2444    	0.260010    
 7    	0.2933    	0.300415    
 8    	0.3421    	0.210571    
 9    	0.3910    	0.176880    
 10   	0.4399    	0.107239    
 11   	0.4888    	0.215088    
 12   	0.5376    	0.075806    
 13   	0.5865    	-0.016296   
 14   	0.6354    	-0.009521   
 15   	0.6843    	0.111755    
 16   	0.7331    	-0.016296   
 17   	0.7820    	0.006165    
 18   	0.8309    	-0.020752   
 19   	0.8798    	0.030884    
 20   	0.9286    	0.057861    
 21   	0.9775    	0.035400    
 22   	1.0264    	0.100525    
 23   	1.0753    	0.026367    
 24   	1.1241    	0.125244    
 25   	1.1730    	0.131958    
 26   	1.2219    	0.273438    
 27   	1.2708    	0.179138    
 28   	1.3196    	0.134216    
 29   	1.3685    	-0.083679   
 30   	1.4174    	0.120728    
 31   	1.4663    	0.210571    
 32   	1.5152    	0.104980    
 33   	1.5640    	0.244263    
 34   	1.6129    	0.298157    
 35   	1.6618    	0.356567    
 36   	1.7107    	0.174622    
 37   	1.7595    	0.194824    
 38   	1.8084    	0.388000    
 39   	1.8573    	0.329590    
 40   	1.9062    	0.318359    
 41   	1.9550    	0.208313    
 42   	2.0039    	0.102783    
 43   	2.0528    	0.046631    
 44   	2.1017    	0.069092    
 45   	2.1505    	0.176880    
 46   	2.1994    	0.282471    
 47   	2.2483    	0.419434    
 48   	2.2972    	0.262207    
 49   	2.3460    	0.307129    
 50   	2.3949    	0.399231    
 51   	2.4438    	0.500305    
 52   	2.4927    	0.379028    
 53   	2.5415    	0.423950    
 54   	2.5904    	0.421692    
 55   	2.6393    	0.327393    
 56   	2.6882    	0.273438    
 57   	2.7370    	0.423950    
 58   	2.7859    	0.417236    
 59   	2.8348    	0.471130    
 60   	2.8837    	0.441895    
 61   	2.9326    	0.309387    
 62   	2.9814    	0.385742    
 63   	3.0303    	0.396973    
 64   	3.0792    	0.260010    
 65   	3.1281    	0.174622    
 66   	3.1769    	0.138672    
 67   	3.2258    	0.021912    
 68   	3.2747    	0.127441    
 69   	3.3236    	0.140930    
 70   	3.3724    	0.039856    
 71   	3.4213    	0.114014    
 72   	3.4702    	0.136475    
 73   	3.5191    	0.280212    
 74   	3.5679    	0.118469    
 75   	3.6168    	0.062317    
 76   	3.6657    	0.093750    
 77   	3.7146    	0.266724    
 78   	3.7634    	0.242004    
 79   	3.8123    	0.208313    
 80   	3.8612    	0.286926    
 81   	3.9101    	0.210571    
 82   	3.9589    	0.325134    
 83   	4.0078    	0.498047    
 84   	4.0567    	0.513794    
 85   	4.1056    	0.457642    
 86   	4.1544    	0.542969    
 87   	4.2033    	0.482361    
 88   	4.2522    	0.473389    
 89   	4.3011    	0.648560    
 90   	4.3500    	0.527283    
 91   	4.3988    	0.567688    
 92   	4.4477    	0.702454    
 93   	4.4966    	0.671021    
 94   	4.5455    	0.648560    
 95   	4.5943    	0.614868    
 96   	4.6432    	0.628357    
 97   	4.6921    	0.585693    
 98   	4.7410    	0.790039    
 99   	4.7898    	0.837219    
 100  	4.8387    	0.915833    
 101  	4.8876    	0.774353    
 102  	4.9365    	0.920349    
 103  	4.9853    	0.893372    
 104  	5.0342    	0.936035    
 105  	5.0831    	1.007935    
 106  	5.1320    	1.003418    
 107  	5.1808    	0.960754    
 108  	5.2297    	1.084290    
 109  	5.2786    	1.171875    
 110  	5.3275    	1.084290    
 111  	5.3763    	1.102295    
 112  	5.4252    	0.915833    
 113  	5.4741    	1.023682    
 114  	5.5230    	1.113525    
 115  	5.5718    	1.019165    
 116  	5.6207    	1.189880    
 117  	5.6696    	1.279724    
 118  	5.7185    	1.401001    
 119  	5.7674    	1.524536    
 120  	5.8162    	1.452637    
 121  	5.8651    	1.551514    
 122  	5.9140    	1.697510    
 123  	5.9629    	1.832275    
 124  	6.0117    	1.800781    
 125  	6.0606    	1.823242    
 126  	6.1095    	2.137695    
 127  	6.1584    	2.297180    
 128  	6.2072    	2.854248    
 129  	6.2561    	3.337158    
 130  	6.3050    	3.862732    
 131  	6.3539    	4.559021    
 132  	6.4027    	5.691040    
 133  	6.4516    	7.263306    
 134  	6.5005    	8.831055    
 135  	6.5494    	10.412354   
 136  	6.5982    	11.521912   
 137  	6.6471    	12.110352   
 138  	6.6960    	12.638183   
 139  	6.7449    	13.482727   
 140  	6.7937    	16.382446   
 141  	6.8426    	29.942139   
 142  	6.8915    	56.248413   
 143  	6.9404    	74.902214   
 144  	6.9892    	89.670288   
 145  	7.0381    	99.928101   
 146  	7.0870    	107.605339  
 147  	7.1359    	113.638313  
 148  	7.1848    	117.422974  
 149  	7.2336    	120.434937  
 150  	7.2825    	122.645142  
 151  	7.3314    	124.334229  
 152  	7.3803    	126.187256  
 153  	7.4291    	127.503418  
 154  	7.4780    	128.682617  
 155  	7.5269    	129.749512  
 156  	7.5758    	130.335815  
 157  	7.6246    	130.832153  
 158  	7.6735    	131.220703  
 159  	7.7224    	131.395874  
 160  	7.7713    	131.699097  
 161  	7.8201    	132.139404  
 162  	7.8690    	132.530151  
 163  	7.9179    	132.703125  
 164  	7.9668    	132.921021  
 165  	8.0156    	133.145630  
 166  	8.0645    	133.186035  
 167  	8.1134    	133.590332  
 168  	8.1623    	133.974487  
 169  	8.2111    	134.412476  
 170  	8.2600    	134.958252  
 171  	8.3089    	135.043579  
 172  	8.3578    	135.272705  
 173  	8.4066    	135.602905  
 174  	8.4555    	135.858887  
 175  	8.5044    	135.874634  
 176  	8.5533    	136.031860  
 177  	8.6022    	136.303589  
 178  	8.6510    	136.602417  
 179  	8.6999    	136.815796  
 180  	8.7488    	136.968506  
 181  	8.7977    	137.157104  
 182  	8.8465    	137.078491  
 183  	8.8954    	137.127930  
 184  	8.9443    	137.078491  
 185  	8.9932    	137.202026  
 186  	9.0420    	137.372803  
 187  	9.0909    	137.613159  
 188  	9.1398    	137.741089  
 189  	9.1887    	137.846680  
 190  	9.2375    	138.028687  
 191  	9.2864    	137.985962  
 192  	9.3353    	138.030884  
 193  	9.3842    	137.911865  
 194  	9.4330    	137.788330  
 195  	9.4819    	137.512085  
 196  	9.5308    	137.478394  
 197  	9.5797    	137.494019  
 198  	9.6285    	137.258179  
 199  	9.6774    	137.433472  
 200  	9.7263    	137.541260  
 201  	9.7752    	137.503052  
 202  	9.8240    	137.516479  
 203  	9.8729    	137.586182  
 204  	9.9218    	137.703003  
 205  	9.9707    	137.804077  
 206  	10.0196   	137.777100  
 207  	10.0684   	137.887085  
 208  	10.1173   	137.806274  
 209  	10.1662   	138.062378  
 210  	10.2151   	138.271240  
 211  	10.2639   	138.525024  
 212  	10.3128   	138.563232  
 213  	10.3617   	138.819214  
 214  	10.4106   	138.783325  
 215  	10.4594   	138.767578  
 216  	10.5083   	138.801270  
 217  	10.5572   	138.821533  
 218  	10.6061   	139.014648  
 219  	10.6549   	139.039429  
 220  	10.7038   	139.144897  
 221  	10.7527   	139.131470  
 222  	10.8016   	139.243774  
 223  	10.8504   	139.349365  
 224  	10.8993   	139.308960  
 225  	10.9482   	139.329102  
 226  	10.9971   	139.594116  
 227  	11.0459   	139.751343  
 228  	11.0948   	139.852417  
 229  	11.1437   	139.877197  
 230  	11.1926   	139.742432  
 231  	11.2414   	139.764893  
 232  	11.2903   	139.683960  
 233  	11.3392   	139.569458  
 234  	11.3881   	139.627808  
 235  	11.4370   	139.697510  
 236  	11.4858   	139.481812  
 237  	11.5347   	139.365112  
 238  	11.5836   	139.463867  
 239  	11.6325   	139.481812  
 240  	11.6813   	139.288696  
 241  	11.7302   	139.308960  
 242  	11.7791   	139.367310  
 243  	11.8280   	139.304443  
 244  	11.8768   	139.360596  
 245  	11.9257   	139.230347  
 246  	11.9746   	139.079834  
 247  	12.0235   	139.023682  
 248  	12.0723   	138.846191  
 249  	12.1212   	138.776611  
 250  	12.1701   	138.877686  
 251  	12.2190   	138.960815  
 252  	12.2678   	139.104492  
 253  	12.3167   	139.070801  
 254  	12.3656   	139.174194  
 255  	12.4145   	139.023682  
 256  	12.4633   	138.783325  
 257  	12.5122   	138.507080  
 258  	12.5611   	138.448608  
 259  	12.6100   	138.284668  
 260  	12.6588   	138.219604  
 261  	12.7077   	138.176880  
 262  	12.7566   	138.450928  
 263  	12.8055   	138.484619  
 264  	12.8544   	138.421753  
 265  	12.9032   	138.399292  
 266  	12.9521   	138.504761  
 267  	13.0010   	138.536255  
 268  	13.0499   	138.491333  
 269  	13.0987   	138.262207  
 270  	13.1476   	138.170166  
 271  	13.1965   	138.021851  
 272  	13.2454   	137.806274  
 273  	13.2942   	137.693970  
 274  	13.3431   	137.509766  
 275  	13.3920   	137.426636  
 276  	13.4409   	137.240234  
 277  	13.4897   	137.190796  
 278  	13.5386   	137.089722  
 279  	13.5875   	137.125732  
 280  	13.6364   	136.883179  
 281  	13.6852   	136.764038  
 282  	13.7341   	136.678711  
 283  	13.7830   	136.521484  
 284  	13.8319   	136.364258  
 285  	13.8807   	136.182373  
 286  	13.9296   	135.912842  
 287  	13.9785   	135.840942  
 288  	14.0274   	135.719604  
 289  	14.0762   	135.571411  
 290  	14.1251   	135.299683  
 291  	14.1740   	135.252441  
 292  	14.2229   	135.137939  
 293  	14.2718   	134.904297  
 294  	14.3206   	134.794312  
 295  	14.3695   	134.753784  
 296  	14.4184   	134.929077  
 297  	14.4673   	134.787476  
 298  	14.5161   	134.747070  
 299  	14.5650   	134.713379  
 300  	14.6139   	134.475342  
 301  	14.6628   	134.502319  
 302  	14.7116   	134.553955  
 303  	14.7605   	134.421387  
 304  	14.8094   	134.302368  
 305  	14.8583   	134.279907  
 306  	14.9071   	134.129395  
 307  	14.9560   	134.075562  
 308  	15.0049   	134.199097  
 309  	15.0538   	134.237183  
 310  	15.1026   	134.203491  
 311  	15.1515   	134.219238  
 312  	15.2004   	134.279907  
 313  	15.2493   	134.390015  
 314  	15.2981   	134.432617  
 315  	15.3470   	134.302368  
 316  	15.3959   	134.455078  
 317  	15.4448   	134.306885  
 318  	15.4936   	134.257446  
 319  	15.5425   	134.203491  
 320  	15.5914   	134.165405  
 321  	15.6403   	134.113647  
 322  	15.6892   	134.176636  
 323  	15.7380   	134.066528  
 324  	15.7869   	134.172119  
 325  	15.8358   	134.311401  
 326  	15.8847   	134.574097  
 327  	15.9335   	134.538208  
 328  	15.9824   	134.668457  
 329  	16.0313   	134.576416  
 330  	16.0802   	134.720093  
 331  	16.1290   	134.688721  
 332  	16.1779   	134.744873  
 333  	16.2268   	134.668457  
 334  	16.2757   	134.693237  
 335  	16.3245   	134.486572  
 336  	16.3734   	134.423706  
 337  	16.4223   	134.342773  
 338  	16.4712   	134.345093  
 339  	16.5200   	134.416870  
 340  	16.5689   	134.511230  
 341  	16.6178   	134.374268  
 342  	16.6667   	134.311401  
 343  	16.7155   	134.311401  
 344  	16.7644   	134.142944  
 345  	16.8133   	134.136108  
 346  	16.8622   	134.124878  
 347  	16.9110   	134.005859  
 348  	16.9599   	134.059814  
 349  	17.0088   	133.877808  
 350  	17.0577   	133.952026  
 351  	17.1066   	134.026123  
 352  	17.1554   	133.722900  
 353  	17.2043   	133.361206  
 354  	17.2532   	132.986206  
 355  	17.3021   	132.597534  
 356  	17.3509   	132.422363  
 357  	17.3998   	131.833862  
 358  	17.4487   	131.431885  
 359  	17.4976   	130.832153  
 360  	17.5464   	130.212280  
 361  	17.5953   	129.778687  
 362  	17.6442   	129.059937  
 363  	17.6931   	128.107666  
 364  	17.7419   	127.447266  
 365  	17.7908   	126.685905  
 366  	17.8397   	126.144531  
 367  	17.8886   	125.522339  
 368  	17.9374   	124.749756  
 369  	17.9863   	123.678345  
 370  	18.0352   	122.669800  
 371  	18.0841   	121.739998  
 372  	18.1329   	120.744987  
 373  	18.1818   	119.646599  
 374  	18.2307   	118.808838  
 375  	18.2796   	118.036133  
 376  	18.3284   	117.090576  
 377  	18.3773   	116.322380  
 378  	18.4262   	115.614868  
 379  	18.4751   	114.907356  
 380  	18.5239   	114.208862  
 381  	18.5728   	113.415894  
 382  	18.6217   	112.506218  
 383  	18.6706   	111.553947  
 384  	18.7195   	110.527466  
 385  	18.7683   	109.492073  
 386  	18.8172   	108.164551  
 387  	18.8661   	106.978638  
 388  	18.9150   	105.961174  
 389  	18.9638   	104.597778  
 390  	19.0127   	103.414070  
 391  	19.0616   	102.212395  
 392  	19.1105   	101.082649  
 393  	19.1593   	99.916870   
 394  	19.2082   	98.479370   
 395  	19.2571   	97.122803   
 396  	19.3060   	95.939087   
 397  	19.3548   	94.667847   
 398  	19.4037   	93.475098   
 399  	19.4526   	92.313835   
 400  	19.5015   	91.047119   
 401  	19.5503   	90.155396   
 402  	19.5992   	89.268181   
 403  	19.6481   	88.032837   
 404  	19.6970   	87.076050   
 405  	19.7458   	85.748535   
 406  	19.7947   	84.692871   
 407  	19.8436   	83.408073   
 408  	19.8925   	81.961670   
 409  	19.9413   	80.488159   
 410  	19.9902   	78.904663   
 411  	20.0391   	77.280762   
 412  	20.0880   	75.414307   
 413  	20.1369   	73.833008   
 414  	20.1857   	72.072144   
 415  	20.2346   	70.470581   
 416  	20.2835   	68.768066   
 417  	20.3324   	66.953247   
 418  	20.3812   	65.208008   
 419  	20.4301   	63.319088   
 420  	20.4790   	61.474972   
 421  	20.5279   	59.554565   
 422  	20.5767   	57.760006   
 423  	20.6256   	55.942871   
 424  	20.6745   	54.202148   
 425  	20.7234   	52.703976   
 426  	20.7722   	51.015011   
 427  	20.8211   	49.566284   
 428  	20.8700   	48.321899   
 429  	20.9189   	47.005737   
 430  	20.9677   	45.797241   
 431  	21.0166   	44.597900   
 432  	21.0655   	43.393982   
 433  	21.1144   	41.978943   
 434  	21.1632   	40.644775   
 435  	21.2121   	39.806946   
 436  	21.2610   	38.852356   
 437  	21.3099   	37.897766   
 438  	21.3587   	36.895996   
 439  	21.4076   	35.997559   
 440  	21.4565   	35.179993   
 441  	21.5054   	34.252380   
 442  	21.5543   	33.562805   
 443  	21.6031   	32.637451   
 444  	21.6520   	31.826599   
 445  	21.7009   	30.995544   
 446  	21.7498   	30.267820   
 447  	21.7986   	29.479431   
 448  	21.8475   	28.457458   
 449  	21.8964   	27.430969   
 450  	21.9453   	26.298948   
 451  	21.9941   	25.261232   
 452  	22.0430   	24.219055   
 453  	22.0919   	22.983704   
 454  	22.1408   	21.975220   
 455  	22.1896   	20.683716   
 456  	22.2385   	19.690918   
 457  	22.2874   	18.814941   
 458  	22.3363   	17.635742   
 459  	22.3851   	16.636230   
 460  	22.4340   	15.564880   
 461  	22.4829   	14.756287   
 462  	22.5318   	13.696106   
 463  	22.5806   	12.752747   
 464  	22.6295   	11.939696   
 465  	22.6784   	11.270324   
 466  	22.7273   	10.441528   
 467  	22.7761   	9.918213    
 468  	22.8250   	9.278076    
 469  	22.8739   	8.763672    
 470  	22.9228   	8.525635    
 471  	22.9717   	8.197693    
 472  	23.0205   	8.076416    
 473  	23.0694   	7.842773    
 474  	23.1183   	7.613708    
 475  	23.1672   	7.499146    
 476  	23.2160   	7.110595    
 477  	23.2649   	6.841064    
 478  	23.3138   	6.551270    
 479  	23.3627   	6.079589    
 480  	23.4115   	5.646118    
 481  	23.4604   	5.104797    
 482  	23.5093   	4.684814    
 483  	23.5582   	4.181641    
 484  	23.6070   	3.680786    
 485  	23.6559   	3.249512    
 486  	23.7048   	3.029419    
 487  	23.7537   	2.737427    
 488  	23.8025   	2.449951    
 489  	23.8514   	2.043396    
 490  	23.9003   	1.722168    
 491  	23.9492   	1.198853    
 492  	23.9980   	0.933838    
 493  	24.0469   	0.769836    
 494  	24.0958   	0.601379    
 495  	24.1447   	0.401489    
 496  	24.1935   	0.089294    
 497  	24.2424   	-0.056702   
 498  	24.2913   	-0.139832   
 499  	24.3402   	-0.272339   
 500  	24.3891   	-0.458740   
 501  	24.4379   	-0.566589   
 502  	24.4868   	-0.770996   
 503  	24.5357   	-1.018066   
 504  	24.5846   	-1.413330   
 505  	24.6334   	-1.932190   
 506  	24.6823   	-2.538635   
 507  	24.7312   	-3.109131   
 508  	24.7801   	-3.980652   
 509  	24.8289   	-5.018311   
 510  	24.8778   	-6.222229   
 511  	24.9267   	-7.482299   
 512  	24.9756   	-8.704163   
 513  	25.0244   	-9.312866   
 514  	25.0733   	-10.137207  
 515  	25.1222   	-11.689209  
 516  	25.1711   	-14.624877  
 517  	25.2199   	-27.310791  
 518  	25.2688   	-41.234375  
 519  	25.3177   	-56.718929  
 520  	25.3666   	-69.890015  
 521  	25.4154   	-79.624573  
 522  	25.4643   	-87.586975  
 523  	25.5132   	-94.626221  
 524  	25.5621   	-100.254944 
 525  	25.6109   	-103.911621 
 526  	25.6598   	-107.119019 
 527  	25.7087   	-110.818352 
 528  	25.7576   	-113.563049 
 529  	25.8065   	-115.279053 
 530  	25.8553   	-117.080444 
 531  	25.9042   	-118.985107 
 532  	25.9531   	-120.489983 
 533  	26.0020   	-121.406372 
 534  	26.0508   	-122.145378 
 535  	26.0997   	-123.205559 
 536  	26.1486   	-123.850151 
 537  	26.1975   	-124.301636 
 538  	26.2463   	-125.155151 
 539  	26.2952   	-125.826729 
 540  	26.3441   	-126.150146 
 541  	26.3930   	-126.581421 
 542  	26.4418   	-127.347290 
 543  	26.4907   	-128.070557 
 544  	26.5396   	-128.479370 
 545  	26.5885   	-129.168945 
 546  	26.6373   	-129.795532 
 547  	26.6862   	-130.080811 
 548  	26.7351   	-130.500854 
 549  	26.7840   	-130.570435 
 550  	26.8328   	-131.069092 
 551  	26.8817   	-131.057861 
 552  	26.9306   	-131.235352 
 553  	26.9795   	-131.547485 
 554  	27.0283   	-131.904663 
 555  	27.0772   	-132.169678 
 556  	27.1261   	-132.335938 
 557  	27.1750   	-132.643616 
 558  	27.2239   	-132.816528 
 559  	27.2727   	-132.708740 
 560  	27.3216   	-132.452698 
 561  	27.3705   	-132.093323 
 562  	27.4194   	-131.569946 
 563  	27.4682   	-131.093811 
 564  	27.5171   	-130.745667 
 565  	27.5660   	-130.202148 
 566  	27.6149   	-129.658569 
 567  	27.6637   	-128.840942 
 568  	27.7126   	-127.967278 
 569  	27.7615   	-120.808960 
 570  	27.8104   	-109.865967 
 571  	27.8592   	-103.078308 
 572  	27.9081   	-100.863640 
 573  	27.9570   	-101.018616 
 574  	28.0059   	-102.415710 
 575  	28.0547   	-104.666260 
 576  	28.1036   	-107.166138 
 577  	28.1525   	-109.497620 
 578  	28.2014   	-112.134521 
 579  	28.2502   	-114.524414 
 580  	28.2991   	-116.637939 
 581  	28.3480   	-118.614494 
 582  	28.3969   	-120.265381 
 583  	28.4457   	-121.857903 
 584  	28.4946   	-123.086479 
 585  	28.5435   	-124.708130 
 586  	28.5924   	-126.053581 
 587  	28.6413   	-127.196838 
 588  	28.6901   	-128.140198 
 589  	28.7390   	-128.791565 
 590  	28.7879   	-129.544006 
 591  	28.8368   	-129.925842 
 592  	28.8856   	-130.384033 
 593  	28.9345   	-130.797363 
 594  	28.9834   	-131.293701 
 595  	29.0323   	-131.722717 
 596  	29.0811   	-132.268555 
 597  	29.1300   	-132.517822 
 598  	29.1789   	-132.800842 
 599  	29.2278   	-133.034424 
 600  	29.2766   	-133.342163 
 601  	29.3255   	-133.593750 
 602  	29.3744   	-133.625122 
 603  	29.4233   	-133.867737 
 604  	29.4721   	-134.108032 
 605  	29.5210   	-134.233887 
 606  	29.5699   	-134.350647 
 607  	29.6188   	-134.341675 
 608  	29.6676   	-134.698792 
 609  	29.7165   	-134.853760 
 610  	29.7654   	-134.961548 
 611  	29.8143   	-135.103088 
 612  	29.8631   	-135.246826 
 613  	29.9120   	-135.327698 
 614  	29.9609   	-135.314209 
 615  	30.0098   	-135.325439 
 616  	30.0587   	-135.280518 
 617  	30.1075   	-135.372620 
 618  	30.1564   	-135.199707 
 619  	30.2053   	-135.289551 
 620  	30.2542   	-135.471436 
 621  	30.3030   	-135.709534 
 622  	30.3519   	-135.839844 
 623  	30.4008   	-135.599487 
 624  	30.4497   	-135.590454 
 625  	30.4985   	-135.435547 
 626  	30.5474   	-135.188477 
 627  	30.5963   	-135.118774 
 628  	30.6452   	-135.037964 
 629  	30.6940   	-135.044678 
 630  	30.7429   	-135.183960 
 631  	30.7918   	-135.051392 
 632  	30.8407   	-134.687561 
 633  	30.8895   	-134.694336 
 634  	30.9384   	-134.546021 
 635  	30.9873   	-134.456177 
 636  	31.0362   	-134.433716 
 637  	31.0850   	-134.451721 
 638  	31.1339   	-134.469727 
 639  	31.1828   	-134.532593 
 640  	31.2317   	-134.373108 
 641  	31.2805   	-134.301270 
 642  	31.3294   	-134.233887 
 643  	31.3783   	-134.290039 
 644  	31.4272   	-134.067627 
 645  	31.4761   	-134.015991 
 646  	31.5249   	-134.045166 
 647  	31.5738   	-133.836304 
 648  	31.6227   	-133.829590 
 649  	31.6716   	-133.827271 
 650  	31.7204   	-133.762207 
 651  	31.7693   	-133.699280 
 652  	31.8182   	-133.750977 
 653  	31.8671   	-133.647583 
 654  	31.9159   	-133.411743 
 655  	31.9648   	-133.241089 
 656  	32.0137   	-133.339905 
 657  	32.0626   	-133.294983 
 658  	32.1114   	-133.097290 
 659  	32.1603   	-132.996216 
 660  	32.2092   	-132.816528 
 661  	32.2581   	-132.742432 
 662  	32.3069   	-132.762695 
 663  	32.3558   	-132.430237 
 664  	32.4047   	-132.383057 
 665  	32.4536   	-132.284241 
 666  	32.5024   	-132.174194 
 667  	32.5513   	-132.043945 
 668  	32.6002   	-131.897949 
 669  	32.6491   	-131.830566 
 670  	32.6979   	-131.644104 
 671  	32.7468   	-131.713745 
 672  	32.7957   	-131.704712 
 673  	32.8446   	-131.583496 
 674  	32.8935   	-131.489136 
 675  	32.9423   	-131.374573 
 676  	32.9912   	-131.183655 
 677  	33.0401   	-131.100586 
 678  	33.0890   	-131.060120 
 679  	33.1378   	-130.997192 
 680  	33.1867   	-130.747925 
 681  	33.2356   	-130.601929 
 682  	33.2845   	-130.705200 
 683  	33.3333   	-130.756897 
 684  	33.3822   	-130.801819 
 685  	33.4311   	-131.028687 
 686  	33.4800   	-131.017456 
 687  	33.5288   	-131.181396 
 688  	33.5777   	-131.212891 
 689  	33.6266   	-131.300415 
 690  	33.6755   	-131.525024 
 691  	33.7243   	-131.531799 
 692  	33.7732   	-131.430725 
 693  	33.8221   	-131.426270 
 694  	33.8710   	-131.217346 
 695  	33.9198   	-131.298218 
 696  	33.9687   	-131.035400 
 697  	34.0176   	-131.080322 
 698  	34.0665   	-130.997192 
 699  	34.1153   	-130.968018 
 700  	34.1642   	-130.972534 
 701  	34.2131   	-131.228577 
 702  	34.2620   	-131.293701 
 703  	34.3109   	-131.498108 
 704  	34.3597   	-131.740723 
 705  	34.4086   	-131.884399 
 706  	34.4575   	-132.023682 
 707  	34.5064   	-131.927124 
 708  	34.5552   	-131.805786 
 709  	34.6041   	-131.778870 
 710  	34.6530   	-131.841797 
 711  	34.7019   	-131.830566 
 712  	34.7507   	-131.799072 
 713  	34.7996   	-131.832764 
 714  	34.8485   	-131.713745 
 715  	34.8974   	-131.574463 
 716  	34.9462   	-131.623901 
 717  	34.9951   	-131.569946 
 718  	35.0440   	-131.228577 
 719  	35.0929   	-131.269043 
 720  	35.1417   	-131.127502 
 721  	35.1906   	-131.051147 
 722  	35.2395   	-131.012939 
 723  	35.2884   	-130.902893 
 724  	35.3372   	-131.019653 
 725  	35.3861   	-131.042114 
 726  	35.4350   	-130.985962 
 727  	35.4839   	-130.941040 
 728  	35.5327   	-130.808594 
 729  	35.5816   	-130.503052 
 730  	35.6305   	-130.249268 
 731  	35.6794   	-129.854004 
 732  	35.7283   	-129.687744 
 733  	35.7771   	-129.276733 
 734  	35.8260   	-128.933105 
 735  	35.8749   	-128.524292 
 736  	35.9238   	-127.767326 
 737  	35.9726   	-126.936272 
 738  	36.0215   	-126.455627 
 739  	36.0704   	-125.824455 
 740  	36.1193   	-125.078735 
 741  	36.1681   	-124.373535 
 742  	36.2170   	-123.688477 
 743  	36.2659   	-123.043823 
 744  	36.3148   	-122.073486 
 745  	36.3636   	-121.249146 
 746  	36.4125   	-120.586548 
 747  	36.4614   	-119.742065 
 748  	36.5103   	-118.765007 
 749  	36.5591   	-117.969841 
 750  	36.6080   	-117.210693 
 751  	36.6569   	-116.532341 
 752  	36.7058   	-115.930420 
 753  	36.7546   	-115.238647 
 754  	36.8035   	-114.468254 
 755  	36.8524   	-113.718025 
 756  	36.9013   	-112.979065 
 757  	36.9501   	-112.255859 
 758  	36.9990   	-111.514641 
 759  	37.0479   	-110.533073 
 760  	37.0968   	-109.461662 
 761  	37.1457   	-108.466675 
 762  	37.1945   	-107.444702 
 763  	37.2434   	-106.225098 
 764  	37.2923   	-104.915588 
 765  	37.3412   	-103.889168 
 766  	37.3900   	-102.748100 
 767  	37.4389   	-101.723877 
 768  	37.4878   	-100.432373 
 769  	37.5367   	-99.120667  
 770  	37.5855   	-97.937012  
 771  	37.6344   	-96.697144  
 772  	37.6833   	-95.542664  
 773  	37.7322   	-94.417358  
 774  	37.7810   	-93.222412  
 775  	37.8299   	-92.119629  
 776  	37.8788   	-91.061707  
 777  	37.9277   	-89.994812  
 778  	37.9765   	-88.790894  
 779  	38.0254   	-87.656616  
 780  	38.0743   	-86.598694  
 781  	38.1232   	-85.298218  
 782  	38.1720   	-84.022461  
 783  	38.2209   	-82.735413  
 784  	38.2698   	-81.273193  
 785  	38.3187   	-79.763855  
 786  	38.3675   	-78.240967  
 787  	38.4164   	-76.832703  
 788  	38.4653   	-75.121155  
 789  	38.5142   	-73.647705  
 790  	38.5631   	-71.967651  
 791  	38.6119   	-70.314514  
 792  	38.6608   	-68.789429  
 793  	38.7097   	-66.904968  
 794  	38.7586   	-65.411316  
 795  	38.8074   	-63.695309  
 796  	38.8563   	-61.900631  
 797  	38.9052   	-60.267761  
 798  	38.9541   	-58.607906  
 799  	39.0029   	-56.927792  
 800  	39.0518   	-55.404964  
 801  	39.1007   	-53.691162  
 802  	39.1496   	-52.083012  
 803  	39.1984   	-50.825195  
 804  	39.2473   	-49.612305  
 805  	39.2962   	-48.322998  
 806  	39.3451   	-46.959656  
 807  	39.3939   	-45.809631  
 808  	39.4428   	-44.372131  
 809  	39.4917   	-43.332214  
 810  	39.5406   	-42.110352  
 811  	39.5894   	-41.088379  
 812  	39.6383   	-40.059631  
 813  	39.6872   	-38.983761  
 814  	39.7361   	-38.161682  
 815  	39.7849   	-37.186890  
 816  	39.8338   	-36.301941  
 817  	39.8827   	-35.459656  
 818  	39.9316   	-34.370300  
 819  	39.9805   	-33.460632  
 820  	40.0293   	-32.562195  
 821  	40.0782   	-31.897337  
 822  	40.1271   	-30.801268  
 823  	40.1760   	-29.878113  
 824  	40.2248   	-28.867369  
 825  	40.2737   	-28.074461  
 826  	40.3226   	-27.155823  
 827  	40.3715   	-26.039551  
 828  	40.4203   	-24.995117  
 829  	40.4692   	-24.092163  
 830  	40.5181   	-23.258850  
 831  	40.5670   	-22.093140  
 832  	40.6158   	-21.030762  
 833  	40.6647   	-20.170471  
 834  	40.7136   	-19.159729  
 835  	40.7625   	-18.061401  
 836  	40.8113   	-17.093323  
 837  	40.8602   	-16.134277  
 838  	40.9091   	-15.127991  
 839  	40.9580   	-14.227294  
 840  	41.0068   	-13.292968  
 841  	41.0557   	-12.558473  
 842  	41.1046   	-11.916077  
 843  	41.1535   	-11.415222  
 844  	41.2023   	-10.896362  
 845  	41.2512   	-10.433655  
 846  	41.3001   	-10.074280  
 847  	41.3490   	-9.773315   
 848  	41.3979   	-9.337585   
 849  	41.4467   	-8.948975   
 850  	41.4956   	-8.674988   
 851  	41.5445   	-8.349304   
 852  	41.5934   	-7.967468   
 853  	41.6422   	-7.906799   
 854  	41.6911   	-7.538452   
 855  	41.7400   	-7.095947   
 856  	41.7889   	-6.842163   
 857  	41.8377   	-6.410888   
 858  	41.8866   	-5.833679   
 859  	41.9355   	-5.539429   
 860  	41.9844   	-4.984619   
 861  	42.0332   	-4.649963   
 862  	42.0821   	-4.227722   
 863  	42.1310   	-3.663940   
 864  	42.1799   	-3.212463   
 865  	42.2287   	-2.821655   
 866  	42.2776   	-2.558838   
 867  	42.3265   	-2.410645   
 868  	42.3754   	-2.305054   
 869  	42.4242   	-2.138855   
 870  	42.4731   	-1.799683   
 871  	42.5220   	-1.727783   
 872  	42.5709   	-1.606506   
 873  	42.6197   	-1.397644   
 874  	42.6686   	-1.298828   
 875  	42.7175   	-1.206726   
 876  	42.7664   	-1.056213   
 877  	42.8153   	-0.761963   
 878  	42.8641   	-0.496948   
 879  	42.9130   	-0.247620   
 880  	42.9619   	-0.180237   
 881  	43.0108   	-0.011780   
 882  	43.0596   	0.062317    
 883  	43.1085   	0.163391    
 884  	43.1574   	0.197083    
 885  	43.2063   	0.197083    
 886  	43.2551   	0.239746    
 887  	43.3040   	0.428467    
 888  	43.3529   	0.567688    
 889  	43.4018   	0.563232    
 890  	43.4506   	0.536255    
 891  	43.4995   	0.430664    
 892  	43.5484   	0.271240    
 893  	43.5973   	0.250977    
 894  	43.6461   	0.075806    
 895  	43.6950   	0.334106    
 896  	43.7439   	0.542969    
 897  	43.7928   	0.563232    
 898  	43.8416   	0.810303    
 899  	43.8905   	0.873169    
 900  	43.9394   	0.933838    
 901  	43.9883   	1.014648    
 902  	44.0371   	1.001221    
 903  	44.0860   	1.005676    
 904  	44.1349   	1.111267    
 905  	44.1838   	1.205566    
 906  	44.2327   	1.304443    
 907  	44.2815   	1.293213    
 908  	44.3304   	1.383057    
 909  	44.3793   	1.445923    
 910  	44.4282   	1.520020    
 911  	44.4770   	1.302185    
 912  	44.5259   	1.156189    
 913  	44.5748   	1.138184    
 914  	44.6237   	1.077576    
 915  	44.6725   	1.095520    
 916  	44.7214   	0.774353    
 917  	44.7703   	0.603638    
 918  	44.8192   	0.736145    
 919  	44.8680   	0.576660    
 920  	44.9169   	0.781067    
 921  	44.9658   	0.628357    
 922  	45.0147   	0.596924    
 923  	45.0635   	0.545227    
 924  	45.1124   	0.388000    
 925  	45.1613   	0.388000    
 926  	45.2102   	0.242004    
 927  	45.2590   	0.215088    
 928  	45.3079   	0.156677    
 929  	45.3568   	0.073547    
 930  	45.4057   	0.104980    
 931  	45.4545   	-0.065674   
 932  	45.5034   	-0.294800   
 933  	45.5523   	-0.452026   
 934  	45.6012   	-0.501465   
 935  	45.6501   	-0.726074   
 936  	45.6989   	-0.901245   
 937  	45.7478   	-1.251648   
 938  	45.7967   	-1.649170   
 939  	45.8456   	-2.156799   
 940  	45.8944   	-2.841858   
 941  	45.9433   	-3.270874   
 942  	45.9922   	-3.967163   
 943  	46.0411   	-4.775757   
 944  	46.0899   	-6.235718   
 945  	46.1388   	-12.028380  
 946  	46.1877   	-19.038452  
 947  	46.2366   	-23.501465  
 948  	46.2854   	-25.471251  
 949  	46.3343   	-26.140625  
 950  	46.3832   	-25.653198  
 951  	46.4321   	-25.116392  
 952  	46.4809   	-23.615967  
 953  	46.5298   	-21.875244  
 954  	46.5787   	-20.298523  
 955  	46.6276   	-19.146240  
 956  	46.6764   	-17.735718  
 957  	46.7253   	-16.091553  
 958  	46.7742   	-15.031433  
 959  	46.8231   	-13.978027  
 960  	46.8719   	-12.792053  
 961  	46.9208   	-11.776855  
 962  	46.9697   	-10.799805  
 963  	47.0186   	-10.058594  
 964  	47.0675   	-9.027588   
 965  	47.1163   	-8.436890   
 966  	47.1652   	-7.776551   
 967  	47.2141   	-7.334045   
 968  	47.2630   	-6.848877   
 969  	47.3118   	-6.399658   
 970  	47.3607   	-6.049316   
 971  	47.4096   	-5.858398   
 972  	47.4585   	-5.400146   
 973  	47.5073   	-5.216003   
 974  	47.5562   	-5.132874   
 975  	47.6051   	-4.921753   
 976  	47.6540   	-4.632019   
 977  	47.7028   	-4.519714   
 978  	47.7517   	-4.355713   
 979  	47.8006   	-4.308594   
 980  	47.8495   	-4.211975   
 981  	47.8983   	-4.065979   
 982  	47.9472   	-4.032288   
 983  	47.9961   	-3.859375   
 984  	48.0450   	-3.693115   
 985  	48.0938   	-3.571838   
 986  	48.1427   	-3.371948   
 987  	48.1916   	-3.073242   
 988  	48.2405   	-3.077698   
 989  	48.2893   	-2.978882   
 990  	48.3382   	-2.693604   
 991  	48.3871   	-2.599304   
 992  	48.4360   	-2.298340   
 993  	48.4849   	-1.992859   
 994  	48.5337   	-1.664917   
 995  	48.5826   	-1.276367   
 996  	48.6315   	-1.002319   
 997  	48.6804   	-1.042725   
 998  	48.7292   	-0.977600   
 999  	48.7781   	-1.152832   
 1000 	48.8270   	-1.399902   
 1001 	48.8759   	-1.453796   
 1002 	48.9247   	-1.575073   
 1003 	48.9736   	-1.572815   
 1004 	49.0225   	-1.813171   
 1005 	49.0714   	-1.986084   
 1006 	49.1202   	-2.206238   
 1007 	49.1691   	-2.327515   
 1008 	49.2180   	-2.354492   
 1009 	49.2669   	-2.314026   
 1010 	49.3157   	-2.399414   
 1011 	49.3646   	-2.493713   
 1012 	49.4135   	-2.480225   
 1013 	49.4624   	-2.617249   
 1014 	49.5112   	-2.597046   
 1015 	49.5601   	-2.644226   
 1016 	49.6090   	-2.695862   
 1017 	49.6579   	-2.561096   
 1018 	49.7067   	-2.707092   
 1019 	49.7556   	-2.781250   
 1020 	49.8045   	-2.819397   
 1021 	49.8534   	-2.963135   
 1022 	49.9023   	-3.070984   
 1023 	49.9511   	-3.091187   
 1024 	50.0000   	-2.875549   

